listApertureMamiya
000192AC-566C=13C40
        00 00 00 00 00 00 00 0A 00 00 00 0A 00 01 B9 38
        03 00 00 00 00 00 00 0C 00 00 00 0A 00 01 B9 40
        08 00 00 00 00 00 00 0E 00 00 00 0A 00 01 B9 48
        0B 00 00 00 00 00 00 11 00 00 00 0A 00 01 B9 50
        0F 00 00 00 00 00 00 13 00 00 00 0A 00 01 95 98
        10 00 00 00 00 00 00 14 00 00 00 0A 00 01 B9 58
        13 00 00 00 00 00 00 18 00 00 00 0A 00 01 B9 60
        18 00 00 00 00 00 00 1C 00 00 00 0A 00 01 B9 68
        1A 00 00 00 00 00 00 20 00 00 00 0A 00 01 95 4C
        1B 00 00 00 00 00 00 22 00 00 00 0A 00 01 B9 70
        26 00 00 00 00 00 00 23 00 00 00 0A 00 01 95 54
        20 00 00 00 00 00 00 28 00 00 00 0A 00 01 B9 78
        22 00 00 00 00 00 00 2D 00 00 00 0A 00 01 95 5C
        23 00 00 00 00 00 00 30 00 00 00 0A 00 01 B9 80
        2E 00 00 00 00 00 00 32 00 00 00 0A 00 01 95 64
        28 00 00 00 00 00 00 38 00 00 00 0A 00 01 B9 88
        2A 00 00 00 00 00 00 3F 00 00 00 0A 00 01 95 6C
        2B 00 00 00 00 00 00 44 00 00 00 0A 00 01 B9 90
        36 00 00 00 00 00 00 47 00 00 00 0A 00 01 95 74
        30 00 00 00 00 00 00 50 00 00 00 0A 00 01 B9 98
        32 00 00 00 00 00 00 5A 00 00 00 0A 00 01 95 7C
        33 00 00 00 00 00 00 5F 00 00 00 0A 00 01 B9 A0
        3E 00 00 00 00 00 00 64 00 00 00 0A 00 01 95 84
        38 00 00 00 00 00 00 6E 00 00 00 0A 00 01 B9 A8
        3A 00 00 00 00 00 00 78 00 00 00 0A 00 01 95 88
        3B 00 00 00 00 00 00 82 00 00 00 0A 00 01 B9 AC
        46 00 00 00 00 00 00 8C 00 00 00 0A 00 01 95 8C
        40 00 00 00 00 00 00 A0 00 00 00 0A 00 01 B9 B0
        42 00 00 00 00 00 00 B4 00 00 00 0A 00 01 95 90
        43 00 00 00 00 00 00 BE 00 00 00 0A 00 01 B9 B4
        4E 00 00 00 00 00 00 C8 00 00 00 0A 00 01 95 94
        48 00 00 00 00 00 00 DC 00 00 00 0A 00 01 B9 B8
        4B 00 00 00 00 00 01 0E 00 00 00 0A 00 01 B9 BC
        50 00 00 00 00 00 01 40 00 00 00 0A 00 01 B9 C0
        53 00 00 00 00 00 01 7C 00 00 00 0A 00 01 B9 C4
        58 00 00 00 00 00 01 C2 00 00 00 0A 00 01 B9 C8
        5B 00 00 00 00 00 02 1C 00 00 00 0A 00 01 B9 CC
        60 00 00 00 00 00 02 80 00 00 00 0A 00 01 B9 D0
        63 00 00 00 00 00 02 F8 00 00 00 0A 00 01 B9 D4
        68 00 00 00 00 00 03 84 00 00 00 0A 00 01 B9 D8
        00 00 00 00 00 00 00 00 00 00 00 01 00 01 B9 DC
        FF 00 00 00 00 00 00 00 00 00 00 00 00 01 B8 08
        66 33 2E 32 00 00 00 00 66 33 2E 35 00 00 00 00
        66 34 2E 35 00 00 00 00 66 35 2E 30 00 00 00 00
        66 36 2E 33 00 00 00 00 66 37 2E 31 00 00 00 00
        66 39 2E 30 00 00 00 00 66 31 30 00 66 31 32 00
        66 31 34 00 66 31 38 00 66 32 30 00 66 31 2E 39
        00 00 00 00 00 00 00 00 00 00 00 00 
        00 00 03 03 00 00 00 00 08 08 0B 0B 00 08 03 00
        10 10 13 13 00 10 0B 00 18 18 1A 1B 00 18 13 00
        20 20 22 23 00 20 26 00 28 28 2A 2B 00 28 2E 00
        30 30 32 33 00 30 36 00 38 38 3A 3B 00 38 3E 00
        40 40 42 43 00 40 46 00 48 48 4B 4B 00 48 4E 00
        50 50 53 53 00 50 4B 00 58 58 5B 5B 00 58 53 00
        60 60 63 63 00 60 5B 00 68 68 00 00 00 68 63 00
        00 00 00 00 00 00 00 00 00 00 00 00 00 00 00 00
        00 00 00 00 00 00 00 00 00 00 00 00 00 00 00 00
        00 00 00 00 00 00 00 00 00 00 00 00 00 00 00 00
        00 00 00 00 00 00 00 00 00 00 00 00 00 00 00 00
        00 00 00 00 00 00 00 00 00 00 00 00 00 00 00 00
        00 00 00 00 00 00 00 00 00 00 00 00 00 00 00 00
        00 00 00 00 00 00 00 00 00 00 00 00 00 00 00 00
        00 00 00 00 00 00 00 00 00 00 00 00 00 00 00 00
        00 00 00 00 00 00 00 00 00 00 00 00 00 00 00 00
        A8 00 00 00 00 00 01 2C 00 00 00 0A 00 01 B9 E4
        AA 00 00 00 00 00 00 FA 00 00 00 0A 00 01 9B 08
        A7 00 00 00 00 00 00 C8 00 00 00 0A 00 01 B9 E8
        A6 00 00 00 00 00 00 C8 00 00 00 0A 00 01 9B 0C
        A0 00 00 00 00 00 00 96 00 00 00 0A 00 01 B9 EC
        A2 00 00 00 00 00 00 82 00 00 00 0A 00 01 9B 10
        9F 00 00 00 00 00 00 64 00 00 00 0A 00 01 B9 F0
        9E 00 00 00 00 00 00 64 00 00 00 0A 00 01 9B 14
        98 00 00 00 00 00 00 50 00 00 00 0A 00 01 B9 F4
        9A 00 00 00 00 00 00 3C 00 00 00 0A 00 01 9B 18
        97 00 00 00 00 00 00 3C 00 00 00 0A 00 01 B9 F8
        96 00 00 00 00 00 00 32 00 00 00 0A 00 01 9B 1C
        90 00 00 00 00 00 00 28 00 00 00 0A 00 01 B9 FC
        92 00 00 00 00 00 00 1E 00 00 00 0A 00 01 9B 20
        8F 00 00 00 00 00 00 1E 00 00 00 0A 00 01 BA 00
        8E 00 00 00 00 00 00 19 00 00 00 0A 00 01 9B 24
        88 00 00 00 00 00 00 14 00 00 00 0A 00 01 BA 04
        8A 00 00 00 00 00 00 10 00 00 00 0A 00 01 9B 2C
        07 00 00 00 00 00 00 0F 00 00 00 0A 00 01 BA 08
        06 00 00 00 00 00 00 0D 00 00 00 0A 00 01 9B 34
        00 00 00 00 00 00 00 0A 00 00 00 0A 00 01 BA 10
        02 00 00 00 00 00 00 08 00 00 00 0A 00 01 9B 3C
        03 00 00 00 00 00 00 07 00 00 00 0A 00 01 BA 18
        0E 00 00 00 00 00 00 06 00 00 00 0A 00 01 9B 44
        08 00 00 00 00 00 00 01 00 00 00 02 00 01 BA 20
        0A 00 00 00 00 00 00 0A 00 00 00 19 00 01 9B 4C
        0B 00 00 00 00 00 00 01 00 00 00 03 00 01 BA 24
        16 00 00 00 00 00 00 01 00 00 00 03 00 01 9B 54
        10 00 00 00 00 00 00 01 00 00 00 04 00 01 BA 28
        12 00 00 00 00 00 00 01 00 00 00 05 00 01 9B 58
        13 00 00 00 00 00 00 01 00 00 00 06 00 01 BA 2C
        1E 00 00 00 00 00 00 01 00 00 00 06 00 01 9B 5C
        18 00 00 00 00 00 00 01 00 00 00 08 00 01 BA 30
        1A 00 00 00 00 00 00 01 00 00 00 0A 00 01 9B 60
        1B 00 00 00 00 00 00 01 00 00 00 0A 00 01 BA 34
        26 00 00 00 00 00 00 01 00 00 00 0D 00 01 9B 68
        20 00 00 00 00 00 00 01 00 00 00 0F 00 01 BA 3C
        22 00 00 00 00 00 00 01 00 00 00 14 00 01 9B 70
        23 00 00 00 00 00 00 01 00 00 00 14 00 01 BA 44
        2E 00 00 00 00 00 00 01 00 00 00 19 00 01 9B 78
        28 00 00 00 00 00 00 01 00 00 00 1E 00 01 BA 4C
        2A 00 00 00 00 00 00 01 00 00 00 28 00 01 9B 80
        2B 00 00 00 00 00 00 01 00 00 00 2D 00 01 BA 54
        36 00 00 00 00 00 00 01 00 00 00 32 00 01 9B 88
        30 00 00 00 00 00 00 01 00 00 00 3C 00 01 BA 5C
        32 00 00 00 00 00 00 01 00 00 00 50 00 01 9B 90
        33 00 00 00 00 00 00 01 00 00 00 5A 00 01 BA 64
        3E 00 00 00 00 00 00 01 00 00 00 64 00 01 9B 98
        38 00 00 00 00 00 00 01 00 00 00 7D 00 01 BA 6C
        3A 00 00 00 00 00 00 01 00 00 00 A0 00 01 9B A0
        3B 00 00 00 00 00 00 01 00 00 00 B4 00 01 BA 74
        46 00 00 00 00 00 00 01 00 00 00 C8 00 01 9B A8
        40 00 00 00 00 00 00 01 00 00 00 FA 00 01 BA 7C
        42 00 00 00 00 00 00 01 00 00 01 40 00 01 9B B0
        43 00 00 00 00 00 00 01 00 00 01 5E 00 01 BA 84
        4E 00 00 00 00 00 00 01 00 00 01 90 00 01 9B B8
        48 00 00 00 00 00 00 01 00 00 01 F4 00 01 BA 8C
        4A 00 00 00 00 00 00 01 00 00 02 80 00 01 9B C0
        4B 00 00 00 00 00 00 01 00 00 02 BC 00 01 BA 94
        56 00 00 00 00 00 00 01 00 00 03 20 00 01 9B C8
        50 00 00 00 00 00 00 01 00 00 03 E8 00 01 BA 9C
        52 00 00 00 00 00 00 01 00 00 04 E2 00 01 9B D0
        53 00 00 00 00 00 00 01 00 00 05 DC 00 01 BA A4
        5E 00 00 00 00 00 00 01 00 00 06 40 00 01 9B D8
        58 00 00 00 00 00 00 01 00 00 07 D0 00 01 BA AC
        5A 00 00 00 00 00 00 01 00 00 09 C4 00 01 9B E0
        5B 00 00 00 00 00 00 01 00 00 0B B8 00 01 BA B4
        66 00 00 00 00 00 00 01 00 00 0C 80 00 01 9B E8
        60 00 00 00 00 00 00 01 00 00 0F A0 00 01 BA BC
        FF 00 00 00 00 00 00 00 00 00 00 00 00 01 B8 08
        32 35 22 00 32 30 22 00 31 33 22 00 31 30 22 00
        36 22 00 00 35 22 00 00 33 22 00 00 32 2E 35 22
        00 00 00 00 31 2E 36 22 00 00 00 00 31 2E 33 22
        00 00 00 00 30 2E 38 22 00 00 00 00 30 2E 36 22
        00 00 00 00 31 2F 32 2E 35 00 00 00 31 2F 33 00
        31 2F 35 00 31 2F 36 00 31 2F 31 30 00 00 00 00
        31 2F 31 33 00 00 00 00 31 2F 32 30 00 00 00 00
        31 2F 32 35 00 00 00 00 31 2F 34 30 00 00 00 00
        31 2F 35 30 00 00 00 00 31 2F 38 30 00 00 00 00
        31 2F 31 30 30 00 00 00 31 2F 31 36 30 00 00 00
        31 2F 32 30 30 00 00 00 31 2F 33 32 30 00 00 00
        31 2F 34 30 30 00 00 00 31 2F 36 34 30 00 00 00
        31 2F 38 30 30 00 00 00 31 2F 31 32 35 30 00 00
        31 2F 31 36 30 30 00 00 31 2F 32 35 30 30 00 00
        31 2F 33 32 30 30 00 00 00 00 02 03 00 00 06 07
        08 08 0A 0B 00 08 0E 00 10 10 12 13 00 10 16 00
        18 18 1A 1B 00 18 1E 00 20 20 22 23 00 20 26 00
        28 28 2A 2B 00 28 2E 00 30 30 32 33 00 30 36 00
        38 38 3A 3B 00 38 3E 00 40 40 42 43 00 40 46 00
        48 48 4A 4B 00 48 4E 00 50 50 52 53 00 50 56 00
        58 58 5A 5B 00 58 5E 00 60 60 00 00 00 60 66 00
        00 00 00 00 00 00 00 00 00 00 00 00 00 00 00 00
        00 00 00 00 00 00 00 00 00 00 00 00 00 00 00 00
        88 88 8A 8A 00 88 8E 8F 90 90 92 92 00 90 96 97
        98 98 9A 9A 00 98 9E 9F A0 A0 A2 A2 00 A0 A6 A7
        A8 A8 AA AA 00 00 00 00 00 00 00 00 00 00 00 00
        00 00 00 00 00 00 00 00 00 00 00 00 00 00 00 00
        00 00 00 00 00 00 00 00 00 00 00 00 00 00 00 00
        00 00 00 00 00 00 00 00 00 00 00 00 00 00 00 00
        00 00 00 00 00 00 00 00 00 00 00 00 00 00 00 00
        00 00 00 00 00 00 00 00 A8 00 00 00 FF FF FF CE
        00 00 00 0A 00 01 9E F0 AA 00 00 00 FF FF FF D1
        00 00 00 0A 00 01 9E F8 A6 00 00 00 FF FF FF D5
        00 00 00 0A 00 01 9F 00 A0 00 00 00 FF FF FF D8
        00 00 00 0A 00 01 9F 08 A2 00 00 00 FF FF FF DB
        00 00 00 0A 00 01 9F 10 9E 00 00 00 FF FF FF DF
        00 00 00 0A 00 01 9F 18 98 00 00 00 FF FF FF E2
        00 00 00 0A 00 01 BA C4 9A 00 00 00 FF FF FF E5
        00 00 00 0A 00 01 BA CC 96 00 00 00 FF FF FF E9
        00 00 00 0A 00 01 BA D4 90 00 00 00 FF FF FF EC
        00 00 00 0A 00 01 BA DC 92 00 00 00 FF FF FF EF
        00 00 00 0A 00 01 BA E4 8E 00 00 00 FF FF FF F3
        00 00 00 0A 00 01 BA EC 88 00 00 00 FF FF FF F6
        00 00 00 0A 00 01 BA F4 8A 00 00 00 FF FF FF F9
        00 00 00 0A 00 01 BA FC 06 00 00 00 FF FF FF FD
        00 00 00 0A 00 01 BB 04 00 00 00 00 00 00 00 00
        00 00 00 0A 00 01 BB 0C 02 00 00 00 00 00 00 03
        00 00 00 0A 00 01 BB 10 0E 00 00 00 00 00 00 07
        00 00 00 0A 00 01 BB 18 08 00 00 00 00 00 00 0A
        00 00 00 0A 00 01 BB 20 0A 00 00 00 00 00 00 0D
        00 00 00 0A 00 01 BB 28 16 00 00 00 00 00 00 11
        00 00 00 0A 00 01 BB 30 10 00 00 00 00 00 00 14
        00 00 00 0A 00 01 BB 38 12 00 00 00 00 00 00 17
        00 00 00 0A 00 01 BB 40 1E 00 00 00 00 00 00 1B
        00 00 00 0A 00 01 BB 48 18 00 00 00 00 00 00 1E
        00 00 00 0A 00 01 BB 50 1A 00 00 00 00 00 00 21
        00 00 00 0A 00 01 9F 20 26 00 00 00 00 00 00 25
        00 00 00 0A 00 01 9F 24 20 00 00 00 00 00 00 28
        00 00 00 0A 00 01 9F 28 22 00 00 00 00 00 00 2B
        00 00 00 0A 00 01 9F 2C 2E 00 00 00 00 00 00 2F
        00 00 00 0A 00 01 9F 30 28 00 00 00 00 00 00 32
        00 00 00 0A 00 01 9F 34 FF 00 00 00 00 00 00 00
        00 00 00 00 00 01 B8 08 2D 35 2E 30 00 00 00 00
        2D 34 2E 37 00 00 00 00 2D 34 2E 33 00 00 00 00
        2D 34 2E 30 00 00 00 00 2D 33 2E 37 00 00 00 00
        2D 33 2E 33 00 00 00 00 33 2E 33 00 33 2E 37 00
        34 2E 30 00 34 2E 33 00 34 2E 37 00 35 2E 30 00
148D0+566c

000106C8-566C=B05C
        48 00
0001073C-566C=B0D0
        39 4A 9F 50
000106D0-566C=B064
        39 6B 9F 40
000106F8-566C=B08C
        39 4A 9F 30
0000598C-566C=320
        00 01 95 A8
000128F0-566C=D284
        38 84 95 A8
000176F0-566C=12084
        48 00
00016D98-566C=1172C
        48 00
00005964-566C=2F8
        00 01 96 A8
00010634-566C=AFC8
        39 6B 96 A8
00012850-566C=D1E4
        38 84 96 A8
00012914-566C=D2A8
        38 84 96 A8
00010044-566C=A9D8
        39 8C 96 B4 
        
00005968-566C=2FC
        00 01 9B F0
00018324-566C=12CB8
        38 84 9B F0
00005940-566C=2D4
        00 01 9C F0
000106A0-566C=B034
        39 4A 9C F0
000128AC-566C=D240
        38 84 9C F0
00012924-566C=D2B8
        38 84 9C F0
00010124-566C=AAB8
        39 4A 9C FC
