1467C:  F8

12098:  38 80 00 02 

248:
        00 00 00 00 00 00 00 00 00 00 00 00 00 00 00 00
        00 00 00 00 00 00 00 00 00 00 00 00 00 00 00 00
        00 00 00 00 00 00 00 00 00 00 00 00 00 00 00 00


120D8:  48 00 00 58

11720:  4B FF CD 6D


12D78:
        94 21 FF F8 7C 08 02 A6 90 01 00 0C 89 80 21 F1 
        2C 0C 00 00 40 82 00 3C 39 80 00 01 99 80 21 F1 
        81 60 21 D4 2C 0B 00 00 40 82 00 28 48 07 EB 29 
        2C 03 00 00 41 82 00 1C 80 60 21 D8 48 04 92 71 
        2C 03 00 00 41 82 00 0C 48 08 12 F1 90 60 21 D4 
        80 01 00 0C 7C 08 03 A6 38 21 00 08 4E 80 00 20
        
D394:
        48 08 6D 1D 90 60 21 A8 80 01 00 0C 7C 08 03 A6 
        38 21 00 08 4E 80 00 20 

1404C:
        AA 00 00 00 00 00 00 FA 00 00 00 0A 00 01 9F 38
        A7 00 00 00 00 00 00 C8 00 00 00 0A 00 01 B9 E8
        A6 00 00 00 00 00 00 C8 00 00 00 0A 00 01 9F 3C
        A0 00 00 00 00 00 00 96 00 00 00 0A 00 01 B9 EC
        A2 00 00 00 00 00 00 82 00 00 00 0A 00 01 9F 40
        9F 00 00 00 00 00 00 64 00 00 00 0A 00 01 B9 F0
        9E 00 00 00 00 00 00 64 00 00 00 0A 00 01 9F 44
        
1448C:
        F8 00 00 00 00 00 03 E7 00 00 00 0A 00 01 C8 50
        FF 00 00 00 00 00 00 00 00 00 00 00 00 01 B8 08
        
148CC:
        32 35 22 00 32 30 22 00 31 33 22 00 31 30 22 00

AFD8:   48 00 43 BC

F394:
        89 83 00 00 2C 0C 00 F8 40 82 00 2C 81 80 20 A4 
        81 60 20 A0 7D 8B 60 50 2C 0C 00 00 41 82 00 18 
        3C 80 00 01 60 84 86 A0 7C 6C 23 96 38 80 00 0A 
        4B FF BC 18 48 00 40 1D 4B FF BC 10  

3D8A8:  4B FD 1A AC

F354:
        38 FE 29 78 80 87 00 04 2C 04 00 00 41 82 00 2C 
        80 67 00 00 1C 63 00 55 1C 84 00 64 7C E3 23 96 
        38 7F 00 00 3C 80 00 00 60 84 A4 05 38 A0 00 03 
        38 C0 00 01 48 08 3A 65 38 FE 29 78 48 02 E5 1C 
        
F2EC:
        94 21 FF F8 7C 08 02 A6 90 01 00 0C 38 60 21 AC 
        3C A0 00 01 60 A5 47 C4 3C E0 00 08 38 E7 F1 08 
        38 80 00 00 38 C0 00 01 39 00 00 00 48 05 B2 91 
        3C 60 00 01 60 63 24 BC 3C A0 00 01 60 A5 47 B0 
        3C E0 00 08 38 E7 F1 08 38 80 00 00 38 C0 00 01 
        39 00 00 00 48 05 B2 69 80 01 00 0C 7C 08 03 A6 
        38 21 00 08 4E 80 00 20 
        
8B140:
        88 60 22 29 2C 03 00 00 41 82 00 50 38 60 00 02 
        48 00 B7 59 2C 03 00 00 41 82 00 40 3B E0 00 00 
        3B C0 6D 54 3F A0 00 09 3B BD 01 BC 80 BE 00 00 
        38 7F 00 00 38 80 00 00 38 C0 00 01 38 FD 00 00 
        39 00 00 00 4B FD F4 25 3B DE 00 1C 3B FF 00 01 
        28 1F 00 02 41 80 FF D8 83 A1 00 0C 83 C1 00 10 
        83 E1 00 14 80 01 00 1C 7C 08 03 A6 38 21 00 18 
        4E 80 00 20 

D3BC-ED60:
                                            94 21 FF D8
        7C 08 02 A6 93 A1 00 1C 93 C1 00 20 93 E1 00 24
        90 01 00 2C 3B A3 00 00 3B E4 00 00 89 9D 00 00
        99 81 00 08 89 7D 00 02 99 61 00 09 89 5F 00 07
        99 41 00 0A 89 3F 00 08 99 21 00 0B 8B DD 00 02
        2C 1E 00 82 40 82 00 18 89 9D 00 04 99 81 00 0A
        89 7D 00 05 99 61 00 0B 48 00 00 38 2C 1E 00 83
        40 82 00 18 89 9F 00 06 99 81 00 0A 89 7F 00 07
        99 61 00 0B 48 00 00 1C 2C 1E 00 A2 40 82 00 14
        89 9D 00 03 99 81 00 0A 89 7D 00 04 99 61 00 0B
        80 A1 00 08 38 60 00 C7 38 80 00 00 48 02 AE B1
        89 80 22 2A 2C 0C 00 00 40 82 00 10 81 80 21 AC
        2C 0C 00 00 41 82 00 44 81 80 21 AC 2C 0C 00 00
        41 82 00 14 39 80 00 90 99 80 22 16 39 80 00 99
        99 80 22 2B 39 80 00 01 99 80 21 DD 89 3D 00 00
        2C 09 00 02 41 82 00 0C 2C 09 00 04 40 82 00 0C
        39 80 00 01 99 80 21 F3 89 3D 00 00 2C 09 00 00
        41 82 06 EC 48 08 6B ED 90 60 21 C4 81 80 21 AC
        2C 0C 00 00 40 82 00 40 89 80 21 DD 2C 0C 00 00
        41 82 00 34 89 80 21 ED 2C 0C 00 00 41 82 00 28
        48 00 4D 39 38 60 00 06 38 80 00 00 38 A0 00 00
        48 02 AE 0D 39 20 00 00 99 20 21 ED 48 08 6B A5
        90 60 20 A4 8B DD 00 00 2C 1E 00 01 40 82 04 88
        81 80 21 E0 39 8C 00 01 91 80 21 E0 8B DD 00 02
        2C 1E 00 81 40 82 00 80 48 00 57 B9 89 80 21 EA
        99 80 21 EB 48 08 6B 6D 90 60 21 C8 81 80 21 AC
        2C 0C 00 00 40 82 06 58 89 60 21 DD 2C 0B 00 00
        40 82 00 14 89 80 21 E8 2C 0C 00 00 40 82 00 08
        4B FF FD A9 89 80 21 DD 2C 0C 00 00 40 82 06 30
        89 80 21 ED 2C 0C 00 00 41 82 06 24 48 00 4C 9D
        38 60 00 06 38 80 00 00 38 A0 00 00 48 02 AD 71
        39 20 00 00 99 20 21 ED 48 08 6B 09 90 60 20 A4
        48 00 05 FC 2C 1E 00 82 40 82 01 A4 48 00 57 35
        39 80 00 01 99 80 21 DD 89 7D 00 04 55 6B 06 76
        55 7E E7 3E 9B C0 21 F2 3B E0 00 00 3D 40 00 00
        39 4A 73 D8 1D 3E 00 34 7C AA 4A 14 85 85 00 04
        2C 0C 00 00 41 82 00 14 81 85 00 00 7D 7D FA 14
        89 6B 00 05 99 6C 00 00 3B FF 00 01 28 1F 00 06
        41 80 FF DC 2C 1E 00 01 40 82 00 1C 89 80 22 1A
        2C 0C 00 05 40 82 00 EC 39 80 00 00 99 80 21 DC
        48 00 00 E0 2C 1E 00 02 40 82 00 30 39 80 00 01
        99 80 21 DF 4B FF FC 31 81 80 21 AC 2C 0C 00 00
        40 82 00 C0 4B FF D9 25 39 80 00 00 99 80 21 EE
        99 80 21 DF 48 00 00 AC 2C 1E 00 03 40 82 00 2C
        4B FF FC 05 89 80 21 E5 2C 0C 00 00 41 82 00 10
        39 80 00 20 99 80 22 18 48 00 00 88 39 80 00 00
        99 80 22 18 48 00 00 7C 2C 1E 00 04 41 82 00 74
        2C 1E 00 05 40 82 00 6C 89 80 22 22 3D 60 00 0F
        61 6B 42 40 7C 6C 59 D6 90 60 21 BC 3B E0 00 00
        89 20 22 23 55 24 06 7E 2C 04 00 00 41 82 00 44
        38 C3 00 00 3B A0 00 0A 38 A4 00 00 21 64 00 00
        55 6B 07 FF 41 82 00 14 7C C3 EB 96 3B E0 00 01
        28 04 00 01 40 81 00 18 7C C6 EB 96 7C C6 EB 96
        3B FF 00 02 7C 1F 28 40 41 80 FF F0 90 C0 21 BC
        81 80 21 AC 2C 0C 00 01 41 82 04 94 89 80 21 E8
        2C 0C 00 00 40 82 04 88 2C 1E 00 01 40 82 00 14
        89 80 22 1A 55 8C 07 7A 2C 0C 00 00 40 82 04 70
        4B FF FB D9 81 80 21 AC 2C 0C 00 00 40 82 04 60
        39 80 00 01 99 80 21 EF 48 00 04 54 2C 1E 00 83
        40 82 01 4C 89 9F 00 06 55 8C 06 76 55 9E E7 3E
        2C 1E 00 01 40 82 00 10 89 80 21 EA 99 80 21 EB
        48 00 01 20 2C 1E 00 02 40 82 00 30 81 80 21 AC
        2C 0C 00 00 41 82 01 0C 89 80 21 DF 2C 0C 00 00
        41 82 01 00 4B FF D7 D5 39 80 00 00 99 80 21 EE
        99 80 21 DF 48 00 00 EC 2C 1E 00 03 40 82 00 14
        3B E0 00 00 9B E0 21 E6 9B E0 21 E5 48 00 00 D4
        2C 1E 00 04 40 82 00 88 8B C0 21 EA 9B C0 21 EB
        8B E0 21 E8 2C 1F 00 00 41 82 00 28 57 DE 06 3E
        2C 1E 00 00 41 82 00 1C 89 80 22 19 55 8C 07 BE
        2C 0C 00 03 40 82 00 0C 39 80 00 01 99 80 21 F0
        2C 1F 00 00 40 82 00 18 89 80 22 19 55 8C 07 FE
        2C 0C 00 00 41 82 00 08 4B FF FA F1 89 80 21 E7
        2C 0C 00 00 41 82 00 1C 89 80 22 19 55 8C 07 BE
        2C 0C 00 00 40 82 00 0C 39 80 00 00 99 80 21 E7
        48 08 68 61 90 60 21 CC 48 00 00 48 2C 1E 00 05
        40 82 00 40 81 80 21 AC 2C 0C 00 00 40 82 00 34
        89 80 21 EC 2C 0C 00 00 40 82 00 28 39 80 00 01
        99 80 21 EC 3B E0 00 00 9B E0 21 ED 9B E0 21 EE
        38 60 00 04 38 80 00 00 38 A0 00 00 48 02 AA 71
        39 80 00 00 99 80 21 F2 48 00 03 04 2C 1E 00 84
        40 82 00 B4 81 80 21 AC 2C 0C 00 01 40 82 00 1C
        38 60 00 00 90 60 20 A0 90 60 20 A4 3B C0 00 01
        9B C0 21 ED 48 00 02 D8 89 80 21 EC 2C 0C 00 00
        40 82 00 30 39 80 00 01 99 80 21 EC 3B E0 00 00
        9B E0 21 ED 9B E0 21 EE 38 60 00 04 38 80 00 00
        38 A0 00 00 48 02 AA 09 38 60 1B 58 48 08 69 41
        38 60 00 00 90 60 20 A0 90 60 20 A4 98 60 21 EC
        98 60 21 F0 98 60 21 48 81 80 21 AC 2C 0C 00 00
        40 82 00 0C 48 08 67 7D 90 60 20 A0 3B C0 00 01
        9B C0 21 ED 9B C0 21 EE 9B C0 20 99 48 00 48 09
        38 60 00 05 38 80 00 00 38 A0 00 00 48 02 A9 B1
        48 00 02 4C 81 80 21 AC 2C 0C 00 00 40 82 02 40
        2C 1E 00 A3 40 82 00 14 38 7D 00 00 4B FF F7 39
        4B FF D5 F9 48 00 02 28 2C 1E 00 A7 41 82 02 20
        2C 1E 00 A8 40 82 02 18 39 80 00 00 99 80 21 DC
        48 00 02 0C 2C 1E 00 02 40 82 01 38 81 80 21 AC
        2C 0C 00 00 40 82 01 2C 8B FD 00 02 2C 1F 00 03
        40 82 00 50 89 80 21 DD 2C 0C 00 00 40 82 01 E0
        89 80 21 EC 2C 0C 00 00 41 82 01 D4 3B C0 00 01
        9B C0 21 ED 3B E0 00 00 9B E0 21 EC 9B E0 21 F0
        9B E0 21 48 9B C0 20 99 48 00 47 5D 38 60 00 05
        38 80 00 00 38 A0 00 00 48 02 A9 05 48 00 01 A0
        2C 1F 00 81 40 82 00 0C 48 00 52 D9 48 00 01 90
        2C 1F 00 A0 40 82 00 48 89 80 21 EC 2C 0C 00 00
        40 82 00 1C 89 80 21 DD 2C 0C 00 00 40 82 01 70
        89 80 21 ED 2C 0C 00 00 41 82 01 64 38 60 00 08
        38 80 00 00 38 A0 00 00 48 02 A8 B5 3B E0 00 00
        9B E0 21 ED 9B E0 21 EC 48 00 01 44 2C 1F 00 A2
        40 82 01 3C 89 80 21 EB 2C 0C 00 00 41 82 01 30
        89 80 21 E8 2C 0C 00 00 41 82 01 24 89 80 21 EC
        2C 0C 00 00 40 82 01 18 89 80 21 EE 2C 0C 00 00
        40 82 01 0C 89 80 21 DD 2C 0C 00 00 41 82 00 10
        81 80 21 E0 28 0C 00 04 40 81 00 F4 39 80 00 01
        99 80 21 EC 39 60 00 00 99 60 21 ED 38 60 00 04
        38 80 00 00 38 A0 00 00 48 02 A8 35 48 00 00 D0
        2C 1E 00 7D 40 82 00 C8 89 9D 00 01 2C 0C 00 82
        40 82 00 34 48 00 51 FD 39 80 00 01 99 80 22 2A
        99 80 21 DD 81 80 21 AC 2C 0C 00 00 41 82 00 A0
        39 80 00 90 99 80 22 16 39 80 00 99 99 80 22 2B
        48 00 00 8C 48 08 65 8D 90 60 21 D0 89 80 21 E8
        2C 0C 00 00 41 82 00 30 39 80 00 00 99 80 21 E8
        38 60 00 0A 38 80 00 00 38 A0 00 00 48 02 A7 C1
        48 04 E4 BD 38 60 00 03 38 80 00 00 38 A0 00 00
        48 02 A7 AD 89 80 21 DC 2C 0C 00 00 41 82 00 10
        81 80 21 AC 2C 0C 00 00 40 82 00 34 3B E0 00 00
        9B E0 21 E9 9B E0 21 DD 93 E0 21 E0 93 E0 21 BC
        89 80 21 DC 2C 0C 00 00 40 82 00 14 38 60 00 0E
        38 80 00 00 38 A0 00 00 48 02 A7 65 83 A1 00 1C
        83 C1 00 20 83 E1 00 24 80 01 00 2C 7C 08 03 A6
        38 21 00 28 4E 80 00 20 00 00 00 00 00 00 00 00
        00 00 00 00 94 21 FF E8 7C 08 02 A6 93 C1 00 10
        93 E1 00 14 90 01 00 1C 3B E3 00 00 3B C0 00 00
        89 60 21 DD 2C 0B 00 00 41 82 01 A8 89 80 21 ED
        2C 0C 00 00 41 82 01 9C 81 80 21 AC 2C 0C 00 00
        40 82 00 68 81 80 21 BC 2C 0C 00 00 41 82 01 84
        81 80 20 A0 2C 0C 00 00 41 82 01 78 48 08 64 85
        81 80 20 A0 7C 6C 18 50 81 60 21 BC 3D 40 00 01
        61 4A 86 A0 7D 6B 52 14 7C 03 58 40 40 81 01 54
        48 00 45 D9 38 60 00 06 38 80 00 00 38 A0 00 00
        48 02 A6 AD 39 20 00 00 99 20 21 ED 48 08 64 45
        90 60 20 A4 48 00 01 2C 81 80 20 A0 2C 0C 00 00
        40 82 00 AC 3D 60 20 00 81 8B 0A C4 55 8C 07 7B
        41 82 07 AC 81 80 21 AC 2C 0C 00 01 40 82 00 7C
        4B FF F6 79 3C 60 00 04 60 63 93 E0 48 08 65 A1
        39 80 00 01 99 80 21 EC 38 60 00 00 98 60 21 ED
        98 60 21 EE 38 60 00 04 38 80 00 00 38 A0 00 00
        48 02 A6 3D 3C 60 00 00 60 63 C3 50 48 08 65 71
        38 60 00 00 90 60 20 A4 98 60 21 EC 98 60 21 F0
        98 60 21 48 38 60 00 01 98 60 21 ED 98 60 21 EE
        98 60 20 99 48 00 44 51 38 60 00 05 38 80 00 00
        38 A0 00 00 48 02 A5 F9 48 08 63 99 90 60 20 A0
        39 80 00 00 99 80 21 DF 48 00 00 78 81 80 20 A4
        2C 0C 00 00 40 82 00 20 3D 60 20 00 81 8B 0A C4
        55 8C 07 7B 40 82 00 5C 48 08 63 69 90 60 20 A4
        48 00 00 50 81 60 21 BC 2C 0B 00 00 41 82 00 28
        48 08 63 51 81 80 20 A0 7C 6C 18 50 81 60 21 BC
        3D 40 00 01 61 4A 5F 90 7D 6B 52 14 7C 03 58 40
        41 80 00 20 48 00 44 A5 38 60 00 06 38 80 00 00
        38 A0 00 00 48 02 A5 79 39 20 00 00 99 20 21 ED
        81 80 21 AC 2C 0C 00 00 41 82 00 0C 2C 0C 00 02
        40 82 00 7C 89 80 21 E8 2C 0C 00 00 41 82 00 70
        89 80 21 ED 2C 0C 00 00 40 82 00 64 89 80 21 EE
        2C 0C 00 00 40 82 00 58 48 08 62 D9 81 80 21 C4
        7C 6C 18 50 89 60 21 B2 55 6B 10 3A 3D 40 00 01
        61 4A 25 58 7D 6A 58 2E 7C 03 58 40 40 81 00 30
        39 80 00 00 99 80 21 E8 38 60 00 0A 38 80 00 00
        38 A0 00 00 48 02 A4 F9 48 04 E1 F5 38 60 00 03
        38 80 00 00 38 A0 00 00 48 02 A4 E5 81 80 21 AC
        2C 0C 00 01 40 82 00 58 89 80 21 E8 2C 0C 00 00
        41 82 00 4C 89 80 21 ED 2C 0C 00 00 40 82 00 40
        89 80 21 EE 2C 0C 00 00 40 82 00 34 39 80 00 00
        99 80 21 E8 38 60 00 0A 38 80 00 00 38 A0 00 00
        48 02 A4 9D 48 04 E1 99 38 60 00 03 38 80 00 00
        38 A0 00 00 48 02 A4 89 48 00 03 70 48 00 4F 75
        81 80 21 E0 28 0C 00 04 40 81 00 8C 89 80 21 DD
        2C 0C 00 00 40 82 00 80 89 80 21 48 2C 0C 00 00
        41 82 00 64 89 80 20 98 2C 0C 00 00 41 82 00 18
        38 60 00 39 38 80 00 00 3C A0 00 3A 48 02 A4 41
        48 00 00 38 39 80 00 00 91 81 00 08 3C 60 00 02
        38 63 C6 A0 3C 80 00 02 38 84 C6 DC 38 A0 00 00
        38 C0 00 00 38 E0 00 00 39 00 00 00 39 20 00 00
        39 40 00 00 48 08 C5 B5 3B E0 00 00 9B E0 21 F0
        9B E0 21 48 3B E0 00 00 9B E0 21 E6 9B E0 21 E5
        48 00 01 14 28 1F 00 0A 40 81 00 74 89 80 21 48
        2C 0C 00 00 41 82 01 00 89 80 20 98 2C 0C 00 00
        41 82 00 18 38 60 00 39 38 80 00 00 3C A0 00 31
        48 02 A3 BD 48 00 00 38 39 80 00 00 91 81 00 08
        3C 60 00 02 38 63 C6 E0 3C 80 00 02 38 84 C6 DC
        38 A0 00 00 38 C0 00 00 38 E0 00 00 39 00 00 00
        39 20 00 00 39 40 00 00 48 08 C5 31 3B E0 00 00
        9B E0 21 F0 9B E0 21 48 48 00 00 9C 89 80 21 48
        2C 0C 00 00 41 82 00 90 89 80 21 F0 2C 0C 00 00
        41 82 00 84 48 08 60 FD 81 80 21 CC 7C 6C 18 50
        3D 60 00 4C 61 6B 4B 40 7C 03 58 40 40 81 00 68
        38 60 00 C7 38 80 00 00 3C A0 00 36 48 02 A3 31
        89 20 20 98 2C 09 00 00 40 82 00 38 39 80 00 10
        91 81 00 08 3C 60 00 02 38 63 C7 04 3C 80 00 02
        38 84 C6 DC 38 A0 00 00 38 C0 00 00 38 E0 00 00
        39 00 00 00 39 20 00 00 39 40 00 00 48 08 C4 9D
        3B E0 00 00 9B E0 21 F0 9B E0 21 48 39 60 00 01
        99 60 21 E7 81 80 21 F4 81 60 22 24 7D 8C 5A 14
        55 9F 20 36 3D 40 00 02 39 4A 8F 6C 7D 4A F8 AE
        99 40 58 22 3D 60 00 02 39 6B 91 0C 7D 6B F8 AE
        99 60 22 15 89 80 21 E8 2C 0C 00 00 38 80 00 01
        41 82 00 08 38 80 00 00 89 80 21 DD 2C 0C 00 00
        40 82 00 1C 81 80 21 AC 2C 0C 00 00 40 82 00 10
        3C 60 00 01 60 63 11 70 48 00 00 0C 3C 60 00 04
        60 63 93 E0 48 04 DE DD 3B E3 00 00 2C 1F 00 00
        41 82 00 10 89 80 21 E4 2C 0C 00 00 41 82 00 2C
        39 80 00 01 99 80 21 EA 38 60 58 20 89 43 00 04
        55 4A 07 FA 99 43 00 04 38 60 00 00 98 60 22 11
        98 60 21 F1 48 00 00 88 39 80 00 00 99 80 21 EA
        38 60 58 20 89 43 00 04 61 4A 00 02 99 43 00 04
        57 E3 00 1E 3D 60 00 12 7C 03 58 40 41 82 00 10
        3D 80 00 22 7C 03 60 40 40 82 00 10 39 80 00 03
        99 80 22 11 48 00 00 44 3D 80 00 1B 7C 03 60 40
        40 82 00 10 39 80 00 05 99 80 22 11 48 00 00 2C
        3D 80 00 0D 7C 03 60 40 40 82 00 18 39 80 00 08
        99 80 22 11 39 60 00 00 99 60 21 F1 48 00 00 10
        39 80 00 01 99 80 22 11 48 00 4C 11 89 80 22 11
        2C 0C 00 00 40 82 00 84 81 80 21 AC 2C 0C 00 03
        40 82 00 30 89 80 21 E8 2C 0C 00 00 41 82 00 6C
        48 08 5F 21 81 60 21 A8 7C 6B 18 50 3D 40 00 03
        61 4A 0D 40 7C 03 50 40 40 81 00 3C 48 00 00 4C
        81 80 21 AC 2C 0C 00 02 40 82 00 40 89 80 21 E8
        2C 0C 00 00 41 82 00 20 48 08 5E E9 81 60 21 A8
        7C 6B 18 50 3D 40 00 03 61 4A 0D 40 7C 03 50 40
        41 81 00 18 39 80 00 08 99 80 22 11 39 60 00 00
        99 60 21 EA 99 60 21 F1 81 60 21 AC 3D 40 00 01
        61 4A 47 A0 7D 6A 58 AE 89 80 22 11 7D 6C 63 78
        99 80 22 11 89 80 21 EE 2C 0C 00 00 41 82 00 7C
        89 80 21 ED 2C 0C 00 00 40 82 00 70 57 EC 00 1E
        3D 60 00 0D 7C 0C 58 40 40 82 00 44 57 EC 04 3E
        28 0C 01 00 41 80 00 38 48 08 5E 69 81 80 20 A4
        7C 6C 18 50 81 80 21 AC 2C 0C 00 00 40 82 00 10
        3D 60 01 31 61 6B 2D 00 48 00 00 0C 3D 60 00 6A
        61 6B CF C0 7C 03 58 40 40 81 01 C4 89 80 21 DF
        2C 0C 00 00 40 82 00 0C 3B C0 00 12 48 00 01 B0
        3B C0 00 02 48 00 01 A8 8B E0 21 E9 2C 1F 00 00
        40 82 00 3C 89 80 21 E6 2C 0C 00 00 40 82 00 28
        89 80 21 E5 2C 0C 00 00 40 82 00 1C 89 80 21 48
        2C 0C 00 00 40 82 00 10 89 80 22 28 2C 0C 00 00
        41 82 00 0C 3B C0 00 01 48 00 01 64 2C 1F 00 00
        41 82 01 5C 89 80 21 EC 2C 0C 00 00 40 82 01 50
        89 80 21 ED 2C 0C 00 00 40 82 01 44 8B E0 21 F2
        2C 1F 00 00 41 82 00 0C 3B DF 00 00 48 00 01 30
        89 80 21 EB 89 60 21 EA 7C 0C 58 00 41 82 00 30
        81 80 21 E0 28 0C 00 02 41 80 00 24 89 80 21 DD
        2C 0C 00 00 40 82 00 10 89 80 21 E8 2C 0C 00 00
        41 82 00 0C 3B C0 00 01 48 00 00 F4 89 80 21 DD
        2C 0C 00 00 41 82 00 E8 81 80 21 E0 28 0C 00 03
        40 81 00 DC 89 80 21 E8 2C 0C 00 00 41 82 00 20
        48 08 5D 41 81 80 21 CC 7C 6C 18 50 3D 60 00 7A
        61 6B 12 00 7C 03 58 40 40 81 00 40 89 80 21 E6
        2C 0C 00 00 40 82 00 28 89 80 21 E5 2C 0C 00 00
        40 82 00 1C 89 80 21 48 2C 0C 00 00 40 82 00 10
        89 80 22 28 2C 0C 00 00 41 82 00 10 39 80 00 01
        99 80 22 19 48 00 00 74 89 80 21 E6 2C 0C 00 00
        40 82 00 10 89 80 21 E5 2C 0C 00 00 41 82 00 0C
        3B C0 00 13 48 00 00 58 89 80 21 48 2C 0C 00 00
        41 82 00 34 89 80 21 F0 2C 0C 00 00 40 82 00 28
        89 80 21 EB 2C 0C 00 00 41 82 00 1C 89 80 21 E8
        2C 0C 00 00 41 82 00 10 39 80 00 03 99 80 22 19
        48 00 00 18 89 80 21 E7 2C 0C 00 00 41 82 00 10
        39 80 00 00 99 80 22 19 3B C0 00 04 57 C3 06 3E
        83 C1 00 10 83 E1 00 14 80 01 00 1C 7C 08 03 A6
        38 21 00 18 4E 80 00 20 00 00 00 00 00 00 00 00
        00 00 00 00 00 00 00 00 00 00 00 00 00 00 00 00
        00 00 00 00 00 00 00 00 00 00 00 00 00 00 00 00
        00 00 00 00 00 00 00 00 00 00 00 00 94 21 FF 40
        7C 08 02 A6 BD C1 00 78 90 01 00 C4 4B FF CF 8D
        3C 60 00 01 38 63 44 60 38 80 00 03 48 06 94 39
        3C 80 00 01 60 84 49 58 38 60 00 28 48 02 AB F9
        4B FF D9 49 3A C0 00 00 3B 60 00 00 3F E0 20 00
        3B FF 00 00 3A E0 7D 00 81 80 21 AC 2C 0C 00 00
        40 82 00 0C 3E E0 00 03 62 F7 0D 40 7C C0 00 A6
        7C 11 13 A6 4C 00 01 2C 3C A0 00 01 38 A5 80 00
        7C C6 28 38 7C 70 42 A6 54 63 08 3E 7C 63 28 78
        7C 63 33 78 7C 70 43 A6 81 9F 0A C4 61 8C 00 01
        91 9F 0A C4 81 7F 0A C0 55 6B 00 3C 91 7F 0A C0
        81 5F 0A B8 61 4A 00 01 91 5F 0A B8 81 9F 0A BC
        55 8C 00 3C 91 9F 0A BC 7C 90 42 A6 54 83 F8 3E
        7C 70 43 A6 70 84 80 00 41 82 00 08 7C 10 13 A6
        4C 00 01 2C 7C C0 00 A6 7C 11 13 A6 4C 00 01 2C
        3C A0 00 01 38 A5 80 00 7C C6 28 38 7C 70 42 A6
        54 63 08 3E 7C 63 28 78 7C 63 33 78 7C 70 43 A6
        A1 9F 09 60 55 8C 06 2C B1 9F 09 60 A1 7F 09 64
        55 6B 06 2C B1 7F 09 64 A1 5F 09 66 55 4A 06 2C
        B1 5F 09 66 A1 9F 09 62 55 8C 06 2C B1 9F 09 62
        7C 90 42 A6 54 83 F8 3E 7C 70 43 A6 70 84 80 00
        41 82 00 08 7C 10 13 A6 4C 00 01 2C A1 7F 09 66
        55 6B 05 EF 41 82 00 24 38 60 FF FF 38 80 00 01
        38 A0 03 E8 38 C0 00 00 48 06 54 B5 A1 9F 09 66
        55 8C 05 EF 40 82 FF E4 A1 9F 09 66 55 8C 05 EF
        40 82 02 20 89 80 21 E9 2C 0C 00 00 40 82 00 34
        89 80 21 E5 2C 0C 00 00 40 82 00 28 89 80 21 E6
        2C 0C 00 00 40 82 00 1C 89 80 21 48 2C 0C 00 00
        40 82 00 10 89 80 22 28 2C 0C 00 00 41 82 00 1C
        38 60 FF FF 38 80 00 01 38 A0 03 E8 38 C0 00 00
        48 06 54 4D 48 00 00 1C 38 60 FF FF 38 80 00 01
        3C A0 00 4C 60 A5 4B 40 38 C0 00 00 48 06 54 31
        48 00 47 81 38 7B 00 00 4B FF F5 4D 3B A3 00 00
        57 BD 06 3E 2C 1D 00 00 41 82 01 8C 89 80 21 E9
        2C 0C 00 00 40 82 00 20 48 08 5A 09 81 80 21 D0
        7C 6C 18 50 3D 60 00 07 61 6B A1 20 7C 03 58 40
        41 81 00 10 81 80 21 E0 28 0C 00 02 41 80 01 58
        48 08 59 E1 7C 76 18 50 7C 03 B8 40 40 81 01 48
        89 80 21 EF 2C 0C 00 00 41 82 00 18 48 08 59 C5
        81 80 21 C4 7C 6C 18 50 7C 03 B8 40 40 81 01 28
        57 BD 06 3E 38 BD 00 00 38 60 00 C7 38 80 00 00
        48 02 9B FD 3A 40 00 01 7C C0 00 A6 7C 11 13 A6
        4C 00 01 2C 3C A0 00 01 38 A5 80 00 7C C6 28 38
        7C 70 42 A6 54 63 08 3E 7C 63 28 78 7C 63 33 78
        7C 70 43 A6 A1 3F 09 66 61 29 01 00 B1 3F 09 66
        A1 9F 09 64 55 8C 06 2C B1 9F 09 64 A1 7F 09 60
        61 6B 01 00 B1 7F 09 60 A1 5F 09 62 55 4A 06 2C
        B1 5F 09 62 7C 90 42 A6 54 83 F8 3E 7C 70 43 A6
        70 84 80 00 41 82 00 08 7C 10 13 A6 4C 00 01 2C
        38 60 0B B8 48 08 5A B9 7C C0 00 A6 7C 11 13 A6
        4C 00 01 2C 3C A0 00 01 38 A5 80 00 7C C6 28 38
        7C 70 42 A6 54 63 08 3E 7C 63 28 78 7C 63 33 78
        7C 70 43 A6 A1 7F 09 60 55 6B 06 2C B1 7F 09 60
        A1 5F 09 64 55 4A 06 2C B1 5F 09 64 A1 9F 09 66
        55 8C 06 2C B1 9F 09 66 A1 7F 09 62 55 6B 06 2C
        B1 7F 09 62 7C 90 42 A6 54 83 F8 3E 7C 70 43 A6
        70 84 80 00 41 82 00 08 7C 10 13 A6 4C 00 01 2C
        38 60 03 E8 48 08 5A 39 48 08 58 99 3A C3 00 00
        3B 7B 00 01 A1 9F 09 66 55 8C 05 EF 41 82 FD E8
        81 9F 0A C4 55 8C 07 7B 41 82 FD 2C 48 08 58 75
        3A C3 00 00 3B 60 00 00 38 61 00 08 38 80 00 00
        38 A0 00 2C 48 09 74 35 38 61 00 34 38 80 00 00
        38 A0 00 2C 48 09 74 25 39 20 00 AA 99 21 00 33
        3B 80 00 00 3B 40 00 00 88 61 00 34 38 97 00 00
        4B FF CD 75 3B 23 00 00 9B 21 00 08 57 39 06 3E
        2C 19 00 7E 40 82 00 B8 3B 40 00 02 2C 12 00 00
        41 82 00 7C 7C C0 00 A6 7C 11 13 A6 4C 00 01 2C
        3C A0 00 01 38 A5 80 00 7C C6 28 38 7C 70 42 A6
        54 63 08 3E 7C 63 28 78 7C 63 33 78 7C 70 43 A6
        81 7F 0A C4 55 6B 07 76 91 7F 0A C4 81 5F 0A C0
        55 4A 07 76 91 5F 0A C0 81 9F 0A B8 61 8C 00 08
        91 9F 0A B8 81 7F 0A BC 61 6B 00 08 91 7F 0A BC
        7C 90 42 A6 54 83 F8 3E 7C 70 43 A6 70 84 80 00
        41 82 00 08 7C 10 13 A6 4C 00 01 2C 39 80 00 01
        99 81 00 35 39 60 00 00 99 61 00 36 38 60 00 01
        38 97 00 00 4B FF CC C1 98 61 00 09 88 61 00 36
        38 97 00 00 4B FF CC B1 98 61 00 0A 3A 40 00 00
        7D 61 D2 14 3A 2B 00 08 7D 81 D2 14 3A 6C 00 34
        3A B1 FF FF 89 51 00 00 2C 0A 00 01 40 82 00 80
        3B 80 00 01 7C C0 00 A6 7C 11 13 A6 4C 00 01 2C
        3C A0 00 01 38 A5 80 00 7C C6 28 38 7C 70 42 A6
        54 63 08 3E 7C 63 28 78 7C 63 33 78 7C 70 43 A6
        81 5F 0A C4 55 4A 07 76 91 5F 0A C4 81 9F 0A C0
        55 8C 07 76 91 9F 0A C0 81 7F 0A B8 61 6B 00 08
        91 7F 0A B8 81 5F 0A BC 61 4A 00 08 91 5F 0A BC
        7C 90 42 A6 54 83 F8 3E 7C 70 43 A6 70 84 80 00
        41 82 00 08 7C 10 13 A6 4C 00 01 2C 3B 00 00 08
        89 91 00 00 2C 0C 00 7D 40 82 00 08 3B 00 00 02
        3A 00 00 00 3B 20 00 01 39 F1 00 00 39 D7 00 00
        89 91 00 00 2C 0C 00 01 41 82 00 10 39 80 00 00
        7D 93 C9 AE 48 00 02 08 7D 95 C8 AE 7D 93 C9 AE
        2C 19 00 02 40 82 00 40 81 80 21 AC 2C 0C 00 00
        40 82 00 28 81 80 21 E0 28 0C 00 02 41 80 00 1C
        89 80 21 DD 2C 0C 00 00 40 82 00 10 39 80 00 11
        7D 93 C9 AE 48 00 01 B8 39 80 00 81 7D 93 C9 AE
        48 00 01 AC 2C 19 00 04 40 82 01 7C 89 91 00 03
        3B 0C 00 08 88 B1 00 02 2C 05 00 03 40 82 01 10
        39 80 00 00 99 80 21 EF 81 80 21 AC 2C 0C 00 00
        40 82 00 20 89 60 21 DD 2C 0B 00 00 40 82 00 14
        3A A0 58 14 89 60 58 19 3B 0B 00 08 48 00 00 D8
        57 AC 06 F6 2C 0C 00 00 41 82 00 40 57 BD 07 34
        38 C0 58 1B 39 40 00 82 99 46 00 03 3D 20 00 00
        39 29 73 D8 57 BD 06 3E 1D 9D 00 34 7D 29 60 AE
        55 29 06 36 99 26 00 04 3A A0 58 17 89 46 00 01
        3B 0A 00 08 48 00 00 90 57 BD 06 3E 2C 1D 00 00
        40 82 00 08 3B A0 00 01 38 C0 58 1B 39 60 00 83
        99 66 00 03 3C 60 00 00 38 63 73 D8 57 BD 06 3E
        1C 9D 00 34 7F A3 20 AE 9B A6 00 04 3A A0 58 17
        89 46 00 01 3B 0A 00 08 38 C0 58 29 57 AB 07 7E
        39 6B 00 01 99 66 00 01 9B A6 00 02 38 C0 00 00
        7D 83 22 14 3B AC 00 18 85 9D 00 04 39 60 00 00
        2C 0C 00 00 41 82 00 0C 81 7D 00 00 89 6B 00 00
        39 80 58 2C 7D 6C 31 AE 38 C6 00 01 28 06 00 06
        41 80 FF D8 3B A0 00 00 48 00 00 4C 38 C0 00 00
        81 60 58 34 2C 0B 00 00 41 82 00 3C 38 80 58 34
        38 65 00 00 80 A4 00 00 89 65 00 00 7C 0B 18 00
        40 82 00 14 3A A5 FF FC 89 65 00 01 3B 0B 00 08
        48 00 00 14 38 C6 00 01 85 64 00 04 2C 0B 00 00
        40 82 FF D4 28 18 00 2C 40 81 00 34 3B 00 00 2C
        48 00 00 2C 39 99 00 02 7C 0C C0 40 40 82 00 0C
        7E 13 C9 AE 48 00 00 18 39 99 00 02 7C 0C C0 40
        40 81 00 0C 39 80 00 00 7D 93 C9 AE 28 19 00 02
        41 80 00 0C 7D 93 C8 AE 7E 10 62 78 7C 73 C8 AE
        38 8E 00 00 4B FF C9 C1 9C 6F 00 01 7C 19 C0 40
        40 80 00 28 89 8F 00 00 2C 0C 00 AA 41 82 00 1C
        A1 9F 09 66 55 8C 05 EF 41 82 00 10 3B 39 00 01
        7C 19 C0 40 41 80 FD AC 89 8F 00 00 2C 0C 00 AA
        40 82 00 18 89 8F FF FF 2C 0C 00 00 41 82 00 0C
        39 80 00 01 99 80 22 2A 7C C0 00 A6 7C 11 13 A6
        4C 00 01 2C 3C A0 00 01 38 A5 80 00 7C C6 28 38
        7C 70 42 A6 54 63 08 3E 7C 63 28 78 7C 63 33 78
        7C 70 43 A6 81 9F 0A B8 55 8C 07 76 91 9F 0A B8
        81 7F 0A C0 55 6B 07 76 91 7F 0A C0 81 5F 0A C4
        55 4A 07 76 91 5F 0A C4 81 9F 0A BC 55 8C 07 76
        91 9F 0A BC 7C 90 42 A6 54 83 F8 3E 7C 70 43 A6
        70 84 80 00 41 82 00 08 7C 10 13 A6 4C 00 01 2C
        38 71 00 00 38 93 00 00 4B FF E6 B5 89 40 20 8C
        2C 0A 00 00 40 82 00 10 89 80 21 B1 2C 0C 00 00
        41 82 F7 B4 7D 9A CA 14 38 AC 00 01 38 DC 00 00
        38 61 00 08 38 81 00 34 4B FF CF 49 4B FF F7 90
        B9 C1 00 78 80 01 00 C4 7C 08 03 A6 38 21 00 C0
        4E 80 00 20 00 00 00 00 00 00 00 00 00 00 00 00
