EC:
        000105EC 00010608 00010624 00010640
        0001065C 00010678 00010694 000106B0
        000106CC 000106E8 00010704 00010720
        0001073C 00010758 00010774 00010790
        000107AC 000107C8 000107E4 00010800
        0001081C 00000000       
        
56EC:
        000A09A8 00000000  00000000 00000000
        00017F94 00000000  00000003 00000000
        FFFFFFA5

9B33C:  
        4D 61 6E 75 61 6C 20 4C 65 6E 73 00 00 00 00 00

984B4:  60 00 00 00 60 00 00 00 60 00 00 00
        
3D8A8:  4B FC FA 30
        
5D0B0:  4B FA DC 0D 

F418:
        94 21 FF B8 7C 08 02 A6 93 A1 00 3C 93 C1 00 40 
        93 E1 00 44 90 01 00 4C 3B C3 00 00 3B A4 00 00 
        81 60 21 50 55 6B 10 3A 39 40 57 58 7C AA 58 2E 
        38 61 00 08 3C 80 00 01 38 84 26 FC 48 09 19 11 
        38 60 00 BE 48 01 65 51 3B E3 00 00 38 60 00 00 
        48 01 65 45 39 23 00 00 38 E1 00 08 38 7E 00 00 
        38 9D 00 00 38 A0 01 F4 38 C0 00 32 39 00 00 00 
        39 5F 00 00 48 01 30 B5 83 A1 00 3C 83 C1 00 40 
        83 E1 00 44 80 01 00 4C 7C 08 03 A6 38 21 00 48 
        4E 80 00 20 00 00 00 00 00 00 00 00 00 00 00 00 
        
CE84:
        000C3500 000F4240 001E8480 002DC6C0
        003D0900 004C4B40 005B8D80 006ACFC0
        007A1200 00895440 00989680 00000000
        00012610 00012618 00012620 00012628
        00012630 00012638 00012640 00012648
        00012650 00012658 00012660 00000000
        0001268C 000126A0 000126B8 000126CC
        00000000 00502020 00000000 00000000
        000125D0 000125E0 000124C0 000125FC 
        00000004 00010502 00000000 0000000A
        00000000 00012520 00000000 00000000
        00012668 00012674 000021AC 000125FC
        00000004 00600502 00000000 00000003
        00000000 00012550 00000000 00000000
        63 61 6D 53 6F 66 74 4F 6E 54 69 6D 65 00 00 00
        53 6F 66 74 20 50 72 65 73 73 20 43 43 44 20 41
        63 74 69 76 65 20 54 69 6D 65 00 00 4D 61 6D 69
        79 61 2F 50 68 61 73 65 20 4F 6E 65 00 00 00 00
        30 2E 38 20 73 65 63 00 31 20 73 65 63 00 00 00
        32 20 73 65 63 00 00 00 33 20 73 65 63 00 00 00
        34 20 73 65 63 00 00 00 35 20 73 65 63 00 00 00
        36 20 73 65 63 00 00 00 37 20 73 65 63 00 00 00
        38 20 73 65 63 00 00 00 39 20 73 65 63 00 00 00
        31 30 20 73 65 63 00 00 73 68 75 74 74 65 72 4D
        6F 64 65 00 53 68 75 74 74 65 72 20 4F 70 65 72
        61 74 69 6E 67 20 4D 6F 64 65 00 00 4C 65 67 61
        63 79 20 28 36 34 35 20 41 46 2F 41 46 44 29 00
        44 69 67 69 74 61 6C 20 4C 6F 6E 67 20 4C 61 74
        65 6E 63 79 00 00 00 00 44 69 67 69 74 61 6C 20
        43 6F 6D 62 69 6E 65 64 00 00 00 00 44 69 67 69
        74 61 6C 20 53 68 6F 72 74 20 4C 61 74 65 6E 63
        79 00 00 00 53 68 75 74 74 65 72 20 4F 70 65 72
        61 74 69 6E 67 20 4D 6F 64 65 07 00 4C 65 6E 73
        28 4D 29 3A 20 25 73 00 4C 45 4E 53 2E 54 58 54
        00 00 00 00 00 00 00 00 00 00 00 00 00 00 00 00
        
AEA4:
        000105A0 000105B8 00002150 0001B788
        00000004 00600502 00000000 00000014
        00000000 00005758 00000000 00000000
        000105CC 000105CC 000105DC 00000000
        00000005 00000D20 00000000 00000000
        00000250 00000000 00000000 00000000
        00000000 00000000 00000000 00000000
        00000000 00000000 00000000 00000000
        00000000 00000000 00000000 00000000
        63 61 6D 65 72 61 4D 61 6E 75 61 6C 4C 65 6E 73
        53 65 74 74 69 6E 67 00 4D 61 6E 75 61 6C 20 4C
        65 6E 73 20 44 61 74 61 00 00 00 00 6C 65 6E 73
        53 65 74 74 69 6E 67 44 61 74 61 00 00 00 00 15
        00 00 00 00 00 00 00 00 00 00 00 00 2D 2D 2D 00
        00 00 00 00 00 00 00 00 00 00 00 00 00 00 00 18
        00 00 00 28 00 00 00 0A 32 34 6D 6D 20 20 66 2F
        34 00 00 00 00 00 00 00 00 00 00 23 00 00 00 23
        00 00 00 0A 33 35 6D 6D 20 20 66 2F 33 2E 35 00
        00 00 00 00 00 00 00 2D 00 00 00 1C 00 00 00 0A
        34 35 6D 6D 20 20 66 2F 32 2E 38 00 00 00 00 00
        00 00 00 2D 00 00 00 23 00 00 00 0A 34 35 6D 6D
        20 20 66 2F 33 2E 35 00 00 00 00 00 00 00 00 2D
        00 00 00 28 00 00 00 0A 34 35 6D 6D 20 20 66 2F
        34 00 00 00 00 00 00 00 00 00 00 32 00 00 00 28
        00 00 00 0A 35 30 6D 6D 20 20 66 2F 34 00 00 00
        00 00 00 00 00 00 00 37 00 00 00 1C 00 00 00 0A
        35 35 6D 6D 20 20 66 2F 32 2E 38 00 00 00 00 00
        00 00 00 46 00 00 00 1C 00 00 00 0A 37 30 6D 6D
        20 20 66 2F 32 2E 38 00 00 00 00 00 00 00 00 50
        00 00 00 13 00 00 00 0A 38 30 6D 6D 20 20 66 2F
        31 2E 39 00 00 00 00 00 00 00 00 50 00 00 00 1C
        00 00 00 0A 38 30 6D 6D 20 20 66 2F 32 2E 38 00
        00 00 00 00 00 00 00 50 00 00 00 28 00 00 00 0A
        38 30 6D 6D 20 20 66 2F 34 00 00 00 00 00 00 00
        00 00 00 6E 00 00 00 1C 00 00 00 0A 31 31 30 6D
        6D 20 66 2F 32 2E 38 00 00 00 00 00 00 00 00 78
        00 00 00 28 00 00 00 0A 31 32 30 6D 6D 20 66 2F
        34 00 00 00 00 00 00 00 00 00 00 91 00 00 00 28
        00 00 00 0A 31 34 35 6D 6D 20 66 2F 34 00 00 00
        00 00 00 00 00 00 00 96 00 00 00 1C 00 00 00 0A
        31 35 30 6D 6D 20 66 2F 32 2E 38 00 00 00 00 00
        00 00 00 96 00 00 00 28 00 00 00 0A 31 35 30 6D
        6D 20 66 2F 34 00 00 00 00 00 00 00 00 00 00 C8
        00 00 00 1C 00 00 00 0A 32 30 30 6D 6D 20 66 2F
        32 2E 38 00 00 00 00 00 00 00 00 D2 00 00 00 28
        00 00 00 0A 32 31 30 6D 6D 20 66 2F 34 00 00 00
        00 00 00 00 00 00 01 2C 00 00 00 1C 00 00 00 0A
        33 30 30 6D 6D 20 66 2F 32 2E 38 00 00 00 00 00
        00 00 01 F4 00 00 00 2D 00 00 00 0A 35 30 30 6D
        6D 20 66 2F 34 2E 35 00 00 00 00 00 4D 61 6E 75
        61 6C 20 4C 65 6E 73 20 44 61 74 61 07 00 00 00
        4C 6F 61 64 20 4C 45 4E 53 2E 54 58 54 20 66 69  
        6C 65 07 07 00 00 00 00 00 00 00 00 00 00 00 00  
        00 00 00 00 52 65 73 65 74 20 74 6F 20 64 65 66  
        61 75 6C 74 73 07 07 00 00 00 00 00 00 00 00 00  
        
12CB0:
        00 00 00 00 00 00 00 00 00 00 00 00 00 00 00 00 
        00 00 00 00 00 00 00 00 00 00 00 00 00 00 00 00 
        00 00 00 00 00 00 00 00 00 00 00 00 00 00 00 00 
        00 00 00 00 00 00 00 00 00 00 00 00 00 00 00 00 
        
12B94:
        38 60 01 00 4E 80 00 20 00 00 00 00 00 00 00 00
        00 00 00 00 00 00 00 00 00 00 00 00 00 00 00 00
        00 00 00 00 00 00 00 00 00 00 00 00 00 00 00 00
        00 00 00 00 00 00 00 00 00 00 00 00 00 00 00 00
        00 00 00 00 00 00 00 00 00 00 00 00
        
8E454:
                    94 21 FF E8 7C 08 02 A6 93 81 00 08
        93 A1 00 0C 93 C1 00 10 93 E1 00 14 90 01 00 1C
        3B E3 00 00 3B A4 00 00 4B F9 7A 61 57 FF 06 3E
        2C 1F 00 00 41 82 00 E0 38 60 00 BE 4B F9 75 21
        3B C3 00 00 4B F9 74 A9 3B E3 FF C4 4B F9 74 79
        38 A3 00 00 38 60 00 00 38 80 00 3C 38 DF 00 00
        38 FE 00 00 4B F9 85 9D 38 60 00 BE 4B F9 74 F1
        3B 83 00 00 38 60 00 00 4B F9 74 E5 3B C3 00 00
        3C 60 00 09 38 63 40 5C 4B FD 41 29 3B E3 00 00
        4B F9 74 35 38 A3 00 00 38 60 00 00 38 80 00 3C
        38 C0 00 32 38 FF 00 00 39 00 00 01 39 3E 00 00
        39 5C 00 00 4B F9 40 3D 38 60 00 14 38 80 00 88
        4B FF F7 ED 38 60 01 5E 38 80 00 82 4B FF F9 F5
        48 00 75 4D 3B E3 00 00 48 00 75 69 7C 03 F8 40
        41 82 00 10 38 60 00 14 38 80 01 3B 4B FF FC 3D
        38 60 00 14 38 80 01 86 4B F8 0E D1 38 60 00 14
        38 80 00 F0 4B FF FD 5D 38 60 01 90 38 80 01 40
        4B FF FE 11 38 60 00 DC 38 BD 00 00 38 80 00 82
        4B FF F8 9D 38 60 01 FC 38 BD 00 00 38 80 00 94
        4B FF FB 49 38 60 01 D4 38 BD 00 00 38 80 01 04
        4B FF F9 F9 4B F9 79 2D 83 81 00 08 83 A1 00 0C
        83 C1 00 10 83 E1 00 14 80 01 00 1C 7C 08 03 A6
        38 21 00 18 4E 80 00 20                        


A948-AEA4:
                                94 21 FF B0 7C 08 02 A6
        93 C1 00 48 93 E1 00 4C 90 01 00 54 3B E3 00 00
        81 80 21 B8 2C 0C 01 00 40 82 01 C4 80 DF 07 D0
        38 61 00 08 3C 80 00 02 38 84 C2 E0 3C A0 00 02
        38 A5 C2 E8 48 09 63 E1 38 7F 05 78 38 81 00 08
        48 09 B3 F9 83 C0 21 FC 2C 1E 00 00 41 82 00 2C
        38 61 00 08 3C 80 00 02 38 84 C2 F8 3C A0 00 02
        38 A5 C3 04 38 DE 00 00 48 09 63 AD 38 7F 05 78
        38 81 00 08 48 09 B3 C5 3D 80 00 02 39 8C 96 B4
        89 7F 29 30 55 6B 25 36 7C CC 58 2E 38 61 00 08
        3C 80 00 02 38 84 C2 E0 3C A0 00 02 38 A5 C3 0C
        48 09 63 75 38 7F 05 78 38 81 00 08 48 09 B3 8D
        3D 20 00 02 39 29 92 B8 89 7F 29 31 2C 0B 00 C0
        41 80 00 20 39 6B FF 40 1D 6B 00 1C 3D 40 00 01
        61 4A 05 E0 7D 4A 5A 14 38 CA 00 12 48 00 00 0C
        55 6B 25 36 7C C9 58 2E 38 61 00 08 3C 80 00 02
        38 84 C2 E0 3C A0 00 02 38 A5 C3 18 48 09 63 19
        38 7F 05 78 38 81 00 08 48 09 B3 31 3D 40 00 02
        39 4A 91 18 89 7F 29 32 55 6B 25 36 7C CA 58 2E
        38 61 00 08 3C 80 00 02 38 84 C2 E0 3C A0 00 02
        38 A5 C3 24 48 09 62 E1 38 7F 05 78 38 81 00 08
        48 09 B2 F9 3D 20 00 02 39 29 8E 98 89 7F 29 33
        55 6B 25 36 7C C9 58 2E 38 61 00 08 3C 80 00 02
        38 84 C2 E0 3C A0 00 02 38 A5 C3 30 48 09 62 A9
        38 7F 05 78 38 81 00 08 48 09 B2 C1 3D 40 00 02
        39 4A 9C FC 89 7F 29 34 55 6B 25 36 7C CA 58 2E
        38 61 00 08 3C 80 00 02 38 84 C2 E0 3C A0 00 02
        38 A5 C3 40 48 09 62 71 38 7F 05 78 38 81 00 08
        48 09 B2 89 89 80 20 8C 2C 0C 00 00 40 82 00 10
        89 80 20 8D 2C 0C 00 00 41 82 00 14 3C 60 00 02
        38 63 C3 D0 38 9F 05 78 48 09 61 45 83 C1 00 48
        83 E1 00 4C 80 01 00 54 7C 08 03 A6 38 21 00 50
        4E 80 00 20 94 21 FF F0 7C 08 02 A6 93 E1 00 0C
        90 01 00 14 81 80 22 00 81 60 22 D4 99 6C 29 30
        81 40 22 00 81 20 22 D8 99 2A 29 31 81 80 22 00
        81 60 22 CC 99 6C 29 33 81 40 22 00 81 20 22 D0
        99 2A 29 34 81 60 21 FC 2C 0B 00 00 41 82 00 18
        81 80 22 00 39 8C 29 78 91 6C 00 00 39 60 00 01
        91 6C 00 04 83 E0 21 B8 2C 1F 01 00 40 82 00 F0
        3D 60 00 02 39 6B 96 A8 81 40 22 D4 55 4A 20 36
        7C 6B 52 14 89 83 00 00 2C 0C 00 F8 40 82 00 2C
        81 80 20 A4 81 60 20 A0 7D 8B 60 50 2C 0C 00 00
        41 82 00 18 3C 80 00 01 60 84 86 A0 7C 6C 23 96
        38 80 00 0A 48 00 00 08 48 00 87 ED 81 80 22 00
        39 8C 29 28 90 6C 00 00 90 8C 00 04 81 60 22 D8
        2C 0B 00 C0 40 80 00 1C 3D 40 00 02 39 4A 92 AC
        55 6B 20 36 7C 6A 5A 14 48 00 87 BD 48 00 00 20
        39 6B FF 40 1D 6B 00 1C 3D 40 00 01 61 4A 05 E0
        7D 4A 5A 14 80 6A 00 04 80 8A 00 08 81 80 22 00
        39 8C 29 70 90 6C 00 00 90 8C 00 04 83 E0 22 00
        3D 20 00 02 39 29 8E 90 81 60 22 CC 55 6B 20 36
        7D 29 58 2E 91 3F 29 AC 3D 40 00 02 39 4A 9C F0
        81 60 22 D0 55 6B 20 36 7C 6A 5A 14 48 00 87 8D
        39 9F 29 90 90 6C 00 00 90 8C 00 04 83 E1 00 0C
        80 01 00 14 7C 08 03 A6 38 21 00 10 4E 80 00 20
        00 00 00 00 00 00 00 00 00 00 00 00 94 21 FF E0
        7C 08 02 A6 93 C1 00 18 93 E1 00 1C 90 01 00 24
        3B C3 00 00 93 C0 22 00 81 80 21 BC 91 9E 29 1C
        81 60 21 F4 81 40 22 24 7D 6B 52 14 99 7E 29 32
        3D 20 00 02 39 29 8F 6C 81 40 21 F4 81 60 22 24
        7D 4A 5A 14 55 4A 20 36 7C 69 52 14 48 00 86 D9
        39 9E 29 20 90 6C 00 00 90 8C 00 04 81 9E 29 20
        81 7E 29 24 7F EC 5B 96 93 FE 00 08 38 7F 00 00
        48 05 43 B5 90 7E 00 0C 83 E0 21 B8 2C 1F 01 00
        40 82 00 58 89 80 21 DD 2C 0C 00 00 41 82 00 40
        89 80 22 2A 2C 0C 00 00 40 82 00 10 3D 80 00 02
        39 8C C3 E0 48 00 00 30 89 80 21 F3 2C 0C 00 00
        40 82 00 10 3D 80 00 01 39 8C 24 DC 48 00 00 18
        3D 80 00 01 39 8C 24 C4 48 00 00 0C 3D 80 00 02
        39 8C C3 F0 91 9E 07 D0 83 C1 00 18 83 E1 00 1C
        80 01 00 24 7C 08 03 A6 38 21 00 20 4E 80 00 20
        00 00 00 00 00 00 00 00 00 00 00 00 94 21 FF F0
        7C 08 02 A6 90 01 00 14 3C 80 00 02 38 84 95 A8
        88 60 22 1B 48 00 7E CD 3C 80 00 02 38 84 92 AC
        48 00 86 6D 90 60 22 D8 88 60 22 1C 3C 80 00 02
        38 84 9B F0 48 00 7E AD 3C 80 00 02 38 84 96 A8
        48 00 86 4D 90 60 22 D4 3C 80 00 02 38 84 9C F0
        88 60 22 1D 48 00 86 39 90 60 22 D0 89 20 22 21
        55 23 06 FE 3C 80 00 02 38 84 8E 8C 48 00 86 21
        90 60 22 CC 89 60 22 1F 55 63 07 7E 90 60 21 FC
        54 6A 40 2E 89 80 22 20 7D 4A 63 78 91 40 21 FC
        81 60 22 D8 2C 0B 00 00 40 82 00 34 81 60 21 50
        2C 0B 00 00 41 82 00 28 1D 6B 00 1C 3D 40 00 01
        61 4A 05 E0 7D 4A 5A 14 80 6A 00 00 90 60 21 FC
        80 60 21 50 38 63 00 C0 90 60 22 D8 80 01 00 14
        7C 08 03 A6 38 21 00 10 4E 80 00 20 00 00 00 00
        00 00 00 00
        
D270:
        94 21 FF F8 7C 08 02 A6 90 01 00 0C 38 60 21 AC 
        3C A0 00 01 60 A5 26 E4 3C E0 00 08 38 E7 F1 08 
        38 80 00 00 38 C0 00 01 39 00 00 00 48 05 D3 0D 
        80 60 20 90 3C A0 00 01 60 A5 08 2C 3C E0 00 01 
        38 E7 08 80 38 80 00 00 38 C0 00 01 39 00 00 00 
        48 05 D2 E9 80 01 00 0C 7C 08 03 A6 38 21 00 08 
        4E 80 00 20 00 00 00 00 38 FE 29 78 80 87 00 04 
        2C 04 00 00 41 82 00 2C 80 67 00 00 1C 63 00 55 
        1C 84 00 64 7C E3 23 96 38 7F 00 00 3C 80 00 00 
        60 84 A4 05 38 A0 00 03 38 C0 00 01 48 08 5A E1 
        38 FE 29 78 48 03 05 98 

12928:
        94 21 FF E0 7C 08 02 A6 93 A1 00 14 93 C1 00 18 
        93 E1 00 1C 90 01 00 24 3B A3 00 00 38 7D 00 00 
        48 08 81 65 38 7D 00 00 48 08 83 59 48 05 77 E5 
        3B E0 00 00 3D 40 00 01 61 4A 05 DC 83 AA 00 00 
        2C 1D 00 00 41 82 00 30 3B C0 57 54 84 BE 00 04 
        39 01 00 08 38 7F 00 00 38 80 00 02 38 C0 00 01 
        38 E0 00 00 48 05 7C 1D 3B FF 00 01 7C 1F E8 00 
        41 80 FF DC 83 E0 21 50 93 E1 00 08 93 E1 00 0C 
        38 61 00 0C 38 80 00 00 48 05 82 99 3B E3 00 00 
        2C 1F 00 24 41 82 00 44 2C 1F 00 1C 41 82 00 3C 
        2C 1F 00 1A 41 82 00 34 2C 1F 00 16 41 82 00 2C 
        2C 1F 00 17 41 82 00 24 2C 1F 00 26 41 82 00 1C 
        2C 1F 00 18 40 82 FF 58 81 81 00 08 91 80 21 50 
        38 60 21 50 48 06 69 31 48 05 77 F9 38 7F 00 00 
        83 A1 00 14 83 C1 00 18 83 E1 00 1C 80 01 00 24 
        7C 08 03 A6 38 21 00 20 4E 80 00 20 
        
B214:
        94 21 FF F0 7C 08 02 A6 93 E1 00 0C 90 01 00 14 
        48 05 EE 5D 3C 60 00 01 38 63 08 2C 48 05 F0 95 
        3C A0 00 01 60 A5 08 40 38 60 00 00 38 80 00 00 
        38 C0 00 01 3C E0 00 01 60 E7 45 00 39 00 00 00 
        48 05 F3 55 3C A0 00 01 60 A5 08 64 38 60 00 01 
        38 80 00 00 38 C0 00 01 3C E0 00 01 60 E7 09 10 
        39 00 00 00 48 05 F3 31 38 60 20 A8 38 80 00 00 
        48 05 F9 C5 83 E1 00 0C 80 01 00 14 7C 08 03 A6 
        38 21 00 10 4E 80 00 20 00 00 00 00 00 00 00 00  
        94 21 FF E8 7C 08 02 A6 93 C1 00 10 93 E1 00 14 
        90 01 00 1C 3C 60 00 01 60 63 27 08 3B C3 00 00 
        48 03 DE 4D 38 7E 00 00 48 03 B6 CD 3B E3 00 00 
        38 7E 00 00 48 03 B7 61 38 63 FF FF 7C 63 FA 14 
        38 80 00 00 98 83 00 00 38 7F 00 00 48 00 3C F5 
        2C 03 00 00 40 82 00 38 39 80 00 00 91 81 00 08 
        3C 60 00 01 38 63 09 E4 3C 80 00 06 38 84 63 68 
        38 A0 00 00 38 C0 00 00 38 E0 00 00 39 00 00 00 
        39 20 00 00 39 40 00 00 48 08 F1 8D 38 7E 00 00 
        48 03 B7 A5 83 C1 00 10 83 E1 00 14 80 01 00 1C 
        7C 08 03 A6 38 21 00 18 4E 80 00 20 43 6F 75 6C 
        64 20 6E 6F 74 20 72 65 61 64 0A 4C 45 4E 53 2E 
        54 58 54 0A 66 72 6F 6D 20 74 68 65 20 63 61 72 
        64 21 00 00 4E 6F 20 76 61 6C 69 64 20 6D 61 6E 
        75 61 6C 20 6C 65 6E 73 20 64 61 74 61 20 69 73 
        20 66 6F 75 6E 64 21 00 20 25 75 6D 6D 20 66 2F 
        25 75 2E 25 75 20 00 00 20 25 75 6D 6D 20 66 2F 
        25 75 20 00 25 33 75 6D 6D 20 66 2F 25 75 2E 25 
        75 00 00 00 25 33 75 6D 6D 20 66 2F 25 75 00 00 

EE94:
        94 21 FF E8 7C 08 02 A6 93 C1 00 10 93 E1 00 14 
        90 01 00 1C 38 60 07 D0 38 80 00 00 38 A0 00 00 
        48 05 D5 C1 3B E3 00 00 2C 1F 00 00 40 82 00 3C 
        39 80 00 00 91 81 00 08 3C 60 00 06 38 63 65 40 
        3C 80 00 06 38 84 63 68 38 A0 00 00 38 C0 00 00 
        38 E0 00 00 39 00 00 00 39 20 00 00 39 40 00 00 
        48 08 B5 C5 48 00 00 B4 38 7F 00 00 38 80 00 00 
        38 A0 07 D0 48 09 6D 81 3C 60 00 01 60 63 27 08 
        38 9F 00 00 38 A0 07 CF 48 03 DB 31 2C 03 00 00 
        41 82 00 3C 39 80 00 00 91 81 00 08 3C 60 00 01 
        38 63 09 BC 3C 80 00 06 38 84 63 68 38 A0 00 00 
        38 C0 00 00 38 E0 00 00 39 00 00 00 39 20 00 00 
        39 40 00 00 48 08 B5 61 48 00 00 48 38 7F 00 00 
        48 00 00 81 2C 03 00 00 40 82 00 38 39 80 00 00 
        91 81 00 08 3C 60 00 01 38 63 09 E4 3C 80 00 06 
        38 84 63 68 38 A0 00 00 38 C0 00 00 38 E0 00 00 
        39 00 00 00 39 20 00 00 39 40 00 00 48 08 B5 19 
        38 7F 00 00 48 05 D2 59 83 C1 00 10 83 E1 00 14 
        80 01 00 1C 7C 08 03 A6 38 21 00 18 4E 80 00 20 
        00 00 00 00 00 00 00 00 00 00 00 00 00 00 00 00 
        00 00 00 00 00 00 00 00 00 00 00 00 00 00 00 00 

EFE4:
        94 21 FF E0 7C 08 02 A6 93 81 00 10 93 A1 00 14 
        93 C1 00 18 93 E1 00 1C 90 01 00 24 3B A3 00 00 
        38 60 02 50 38 80 00 00 38 A0 00 00 48 05 D4 65 
        3B E3 00 00 2C 1F 00 00 40 82 00 40 39 80 00 00 
        91 81 00 08 3C 60 00 06 38 63 65 40 3C 80 00 06 
        38 84 63 68 38 A0 00 00 38 C0 00 00 38 E0 00 00 
        39 00 00 00 39 20 00 00 39 40 00 00 48 08 B4 69 
        38 60 00 01 48 00 01 D0 38 7F 00 00 38 80 00 00 
        38 A0 02 50 48 09 6C 21 38 7F 00 04 3C 80 00 01 
        38 84 05 E0 38 A0 00 1C 48 09 6A C9 3B C0 00 01 
        2C 1E 00 15 40 80 01 48 88 7D 00 00 2C 03 00 00 
        41 82 01 3C 3B 9D 00 00 88 7D 00 00 2C 03 00 00 
        41 82 00 1C 2C 03 00 0D 41 82 00 14 2C 03 00 0A 
        41 82 00 0C 3B BD 00 01 4B FF FF E0 88 7D 00 00 
        2C 03 00 00 41 82 00 10 38 60 00 00 98 7D 00 00 
        3B BD 00 01 88 7C 00 00 2C 03 00 00 41 82 FF A4 
        38 7C 00 00 3C 80 00 01 38 84 0A 08 38 BF 00 04 
        1C DE 00 1C 7C A5 32 14 38 C1 00 08 38 E1 00 0C 
        48 09 34 E9 2C 03 00 03 41 82 00 34 38 7C 00 00 
        39 80 00 00 91 81 00 0C 3C 80 00 01 38 84 0A 18 
        38 BF 00 04 1C DE 00 1C 7C A5 32 14 38 C1 00 08 
        48 09 34 B9 2C 03 00 02 40 82 FF 48 38 7F 00 04 
        1C DE 00 1C 7C 63 32 14 80 A3 00 00 81 81 00 08 
        1C 8C 00 0A 81 81 00 0C 7C 84 62 14 2C 05 00 00 
        40 81 FF 20 2C 05 03 E8 40 80 FF 18 2C 04 00 00 
        40 81 FF 10 2C 04 03 84 41 81 FF 08 2C 0C 00 00 
        41 80 FF 00 2C 0C 00 0A 40 80 FE F8 90 83 00 04 
        39 40 00 0A 91 43 00 08 38 63 00 0C 7C C4 53 96 
        7C E6 51 D6 7C E7 20 50 3C 80 00 01 38 84 0A 24 
        2C 07 00 00 40 82 00 0C 3C 80 00 01 38 84 0A 34 
        48 09 1B A1 3B DE 00 01 4B FF FE B8 2C 1E 00 01 
        40 81 00 3C 3C 60 00 01 38 63 05 DC 38 9F 00 00 
        93 C4 00 00 38 A0 02 50 48 09 69 59 39 80 00 00 
        91 80 21 50 3C 60 00 01 38 63 05 DC 48 06 A1 2D 
        38 60 21 50 38 9E 00 00 48 06 A6 E1 38 7F 00 00 
        48 05 CF ED 38 60 00 00 2C 1E 00 01 40 81 00 08 
        38 60 00 01 83 81 00 10 83 A1 00 14 83 C1 00 18 
        83 E1 00 1C 80 01 00 24 7C 08 03 A6 38 21 00 20 
        4E 80 00 20 
        
12A2C:
        94 21 FF E0 7C 08 02 A6 93 81 00 10 93 A1 00 14 
        93 C1 00 18 93 E1 00 1C 90 01 00 24 3B E3 00 00 
        93 E0 20 90 3C 60 20 00 48 08 33 E9 2C 03 00 00 
        40 82 00 70 3C 60 00 01 38 63 05 10 38 80 00 02 
        48 06 4E 79 38 60 56 98 38 80 00 04 48 06 4E 6D 
        3C 60 00 02 38 63 C9 00 3C 80 00 01 38 84 6D 5C 
        39 00 20 94 38 A0 00 00 38 C0 00 A1 38 E0 1F 40 
        48 05 FC 75 3B E3 00 00 2C 1F 00 00 41 82 00 0C 
        38 7F 00 00 48 00 00 20 4B FF F4 65 3B E3 00 00 
        2C 1F 00 00 41 82 00 0C 38 7F 00 00 48 00 00 08 
        38 60 00 00 83 81 00 10 83 A1 00 14 83 C1 00 18 
        83 E1 00 1C 80 01 00 24 7C 08 03 A6 38 21 00 20 
        4E 80 00 20 00 00 00 00 00 00 00 00 00 00 00 00 
        00 00 00 00 00 00 00 00 00 00 00 00 00 00 00 00 
        00 00 00 00 00 00 00 00 00 00 00 00 00 00 00 00 
        00 00 00 00 00 00 00 00 00 00 00 00 00 00 00 00 
        00 00 00 00 00 00 00 00 00 00 00 00 00 00 00 00 
        00 00 00 00 00 00 00 00 00 00 00 00 00 00 00 00 
        00 00 00 00 00 00 00 00 00 00 00 00 00 00 00 00 
        00 00 00 00 00 00 00 00 00 00 00 00 00 00 00 00 
        00 00 00 00 00 00 00 00 00 00 00 00 00 00 00 00 
        00 00 00 00 00 00 00 00 00 00 00 00 
        
116F0:
        94 21 FF F0 7C 08 02 A6 90 01 00 14 48 00 14 99 
        90 60 21 B8 2C 03 01 00 40 82 00 1C 38 60 01 00 
        48 08 43 A5 2C 03 00 00 41 82 00 0C 38 60 00 00 
        4B FF CE 05 39 80 00 00 91 81 00 08 3C 60 00 02 
        38 63 C7 F4 3C 80 00 02 38 84 C6 DC 38 A0 00 00 
        38 C0 00 00 38 E0 00 00 39 00 00 00 39 20 00 00 
        39 40 00 00 48 08 8D 65 38 60 03 E8 48 08 2B 1D 
        4B FF FF F8 80 01 00 14 7C 08 03 A6 38 21 00 10 
        4E 80 00 20 00 00 00 00 00 00 00 00 00 00 00 00 
        00 00 00 00 00 00 00 00 00 00 00 00 00 00 00 00 
        00 00 00 00 00 00 00 00 00 00 00 00 00 00 00 00 
        00 00 00 00 00 00 00 00 00 00 00 00 00 00 00 00 
        00 00 00 00 00 00 00 00 00 00 00 00 00 00 00 00 
        00 00 00 00 
        
D3BC:
                                            94 21 FF D8
        7C 08 02 A6 93 A1 00 1C 93 C1 00 20 93 E1 00 24
        90 01 00 2C 3B A3 00 00 3B E4 00 00 89 9D 00 00
        99 81 00 08 89 7D 00 02 99 61 00 09 89 5F 00 07
        99 41 00 0A 89 3F 00 08 99 21 00 0B 8B DD 00 02
        2C 1E 00 82 40 82 00 18 89 9D 00 04 99 81 00 0A
        89 7D 00 05 99 61 00 0B 48 00 00 38 2C 1E 00 83
        40 82 00 18 89 9F 00 06 99 81 00 0A 89 7F 00 07
        99 61 00 0B 48 00 00 1C 2C 1E 00 A2 40 82 00 14
        89 9D 00 03 99 81 00 0A 89 7D 00 04 99 61 00 0B
        80 A1 00 08 38 60 00 C7 38 80 00 00 48 02 AE B1
        89 80 22 2A 2C 0C 00 00 40 82 00 10 81 80 21 AC
        2C 0C 00 00 41 82 00 44 81 80 21 AC 2C 0C 00 00
        41 82 00 14 39 80 00 90 99 80 22 16 39 80 00 99
        99 80 22 2B 39 80 00 01 99 80 21 DD 89 3D 00 00
        2C 09 00 02 41 82 00 0C 2C 09 00 04 40 82 00 0C
        39 80 00 01 99 80 21 F3 89 3D 00 00 2C 09 00 00
        41 82 06 E8 48 08 6B ED 90 60 21 C4 81 80 21 AC
        2C 0C 00 00 40 82 00 40 89 80 21 DD 2C 0C 00 00
        41 82 00 34 89 80 21 ED 2C 0C 00 00 41 82 00 28
        48 00 4D 39 38 60 00 06 38 80 00 00 38 A0 00 00
        48 02 AE 0D 39 20 00 00 99 20 21 ED 48 08 6B A5
        90 60 20 A4 8B DD 00 00 2C 1E 00 01 40 82 04 84
        81 80 21 E0 39 8C 00 01 91 80 21 E0 8B DD 00 02
        2C 1E 00 81 40 82 00 80 48 00 57 B9 89 80 21 EA
        99 80 21 EB 48 08 6B 6D 90 60 21 C8 81 80 21 AC
        2C 0C 00 00 40 82 06 54 89 60 21 DD 2C 0B 00 00
        40 82 00 14 89 80 21 E8 2C 0C 00 00 40 82 00 08
        4B FF FD A9 89 80 21 DD 2C 0C 00 00 40 82 06 2C
        89 80 21 ED 2C 0C 00 00 41 82 06 20 48 00 4C 9D
        38 60 00 06 38 80 00 00 38 A0 00 00 48 02 AD 71
        39 20 00 00 99 20 21 ED 48 08 6B 09 90 60 20 A4
        48 00 05 F8 2C 1E 00 82 40 82 01 A4 48 00 57 35
        39 80 00 01 99 80 21 DD 89 7D 00 04 55 6B 06 76
        55 7E E7 3E 9B C0 21 F2 3B E0 00 00 3D 40 00 00
        39 4A 73 D8 1D 3E 00 34 7C AA 4A 14 85 85 00 04
        2C 0C 00 00 41 82 00 14 81 85 00 00 7D 7D FA 14
        89 6B 00 05 99 6C 00 00 3B FF 00 01 28 1F 00 06
        41 80 FF DC 2C 1E 00 01 40 82 00 1C 89 80 22 1A
        2C 0C 00 05 40 82 00 EC 39 80 00 00 99 80 21 DC
        48 00 00 E0 2C 1E 00 02 40 82 00 30 39 80 00 01
        99 80 21 DF 4B FF D7 79 81 80 21 AC 2C 0C 00 00
        40 82 00 C0 4B FF D4 F1 39 80 00 00 99 80 21 EE
        99 80 21 DF 48 00 00 AC 2C 1E 00 03 40 82 00 2C
        4B FF D7 4D 89 80 21 E5 2C 0C 00 00 41 82 00 10
        39 80 00 20 99 80 22 18 48 00 00 88 39 80 00 00
        99 80 22 18 48 00 00 7C 2C 1E 00 04 41 82 00 74
        2C 1E 00 05 40 82 00 6C 89 80 22 22 3D 60 00 0F
        61 6B 42 40 7C 6C 59 D6 90 60 21 BC 3B E0 00 00
        89 20 22 23 55 24 06 7E 2C 04 00 00 41 82 00 44
        38 C3 00 00 3B A0 00 0A 38 A4 00 00 21 64 00 00
        55 6B 07 FF 41 82 00 14 7C C3 EB 96 3B E0 00 01
        28 04 00 01 40 81 00 18 7C C6 EB 96 7C C6 EB 96
        3B FF 00 02 7C 1F 28 40 41 80 FF F0 90 C0 21 BC
        81 80 21 AC 2C 0C 00 01 41 82 04 90 89 80 21 E8
        2C 0C 00 00 40 82 04 84 2C 1E 00 01 40 82 00 14
        89 80 22 1A 55 8C 07 7A 2C 0C 00 00 40 82 04 6C
        4B FF FB D9 81 80 21 AC 2C 0C 00 00 40 82 04 5C
        39 80 00 01 99 80 21 EF 48 00 04 50 2C 1E 00 83
        40 82 01 4C 89 9F 00 06 55 8C 06 76 55 9E E7 3E
        2C 1E 00 01 40 82 00 10 89 80 21 EA 99 80 21 EB
        48 00 01 20 2C 1E 00 02 40 82 00 30 81 80 21 AC
        2C 0C 00 00 41 82 01 0C 89 80 21 DF 2C 0C 00 00
        41 82 01 00 4B FF D3 A1 39 80 00 00 99 80 21 EE
        99 80 21 DF 48 00 00 EC 2C 1E 00 03 40 82 00 14
        3B E0 00 00 9B E0 21 E6 9B E0 21 E5 48 00 00 D4
        2C 1E 00 04 40 82 00 88 8B C0 21 EA 9B C0 21 EB
        8B E0 21 E8 2C 1F 00 00 41 82 00 28 57 DE 06 3E
        2C 1E 00 00 41 82 00 1C 89 80 22 19 55 8C 07 BE
        2C 0C 00 03 40 82 00 0C 39 80 00 01 99 80 21 F0
        2C 1F 00 00 40 82 00 18 89 80 22 19 55 8C 07 FE
        2C 0C 00 00 41 82 00 08 4B FF FA F1 89 80 21 E7
        2C 0C 00 00 41 82 00 1C 89 80 22 19 55 8C 07 BE
        2C 0C 00 00 40 82 00 0C 39 80 00 00 99 80 21 E7
        48 08 68 61 90 60 21 CC 48 00 00 48 2C 1E 00 05
        40 82 00 40 81 80 21 AC 2C 0C 00 00 40 82 00 34
        89 80 21 EC 2C 0C 00 00 40 82 00 28 39 80 00 01
        99 80 21 EC 3B E0 00 00 9B E0 21 ED 9B E0 21 EE
        38 60 00 04 38 80 00 00 38 A0 00 00 48 02 AA 71
        39 80 00 00 99 80 21 F2 48 00 03 00 2C 1E 00 84
        40 82 00 B0 83 C0 21 AC 2C 1E 00 01 40 82 00 1C
        38 60 00 00 90 60 20 A0 90 60 20 A4 39 80 00 01
        99 80 21 ED 48 00 02 D4 89 80 21 EC 2C 0C 00 00
        40 82 00 30 39 80 00 01 99 80 21 EC 39 80 00 00
        99 80 21 ED 99 80 21 EE 38 60 00 04 38 80 00 00
        38 A0 00 00 48 02 AA 09 38 60 1B 58 48 08 69 41
        38 60 00 00 90 60 20 A0 90 60 20 A4 98 60 21 EC
        98 60 21 F0 98 60 21 48 2C 1E 00 00 40 82 00 0C
        48 08 67 81 90 60 20 A0 39 80 00 01 99 80 21 ED
        99 80 21 EE 99 80 20 99 48 00 48 0D 38 60 00 05
        38 80 00 00 38 A0 00 00 48 02 A9 B5 48 00 02 4C
        81 80 21 AC 2C 0C 00 00 40 82 02 40 2C 1E 00 A3
        40 82 00 14 38 7D 00 00 4B FF F7 3D 4B FF D1 C9
        48 00 02 28 2C 1E 00 A7 41 82 02 20 2C 1E 00 A8
        40 82 02 18 39 80 00 00 99 80 21 DC 48 00 02 0C
        2C 1E 00 02 40 82 01 38 81 80 21 AC 2C 0C 00 00
        40 82 01 2C 8B FD 00 02 2C 1F 00 03 40 82 00 50
        89 80 21 DD 2C 0C 00 00 40 82 01 E0 89 80 21 EC
        2C 0C 00 00 41 82 01 D4 3B C0 00 01 9B C0 21 ED
        3B E0 00 00 9B E0 21 EC 9B E0 21 F0 9B E0 21 48
        9B C0 20 99 48 00 47 61 38 60 00 05 38 80 00 00
        38 A0 00 00 48 02 A9 09 48 00 01 A0 2C 1F 00 81
        40 82 00 0C 48 00 52 DD 48 00 01 90 2C 1F 00 A0
        40 82 00 48 89 80 21 EC 2C 0C 00 00 40 82 00 1C
        89 80 21 DD 2C 0C 00 00 40 82 01 70 89 80 21 ED
        2C 0C 00 00 41 82 01 64 38 60 00 08 38 80 00 00
        38 A0 00 00 48 02 A8 B9 3B E0 00 00 9B E0 21 ED
        9B E0 21 EC 48 00 01 44 2C 1F 00 A2 40 82 01 3C
        89 80 21 EB 2C 0C 00 00 41 82 01 30 89 80 21 E8
        2C 0C 00 00 41 82 01 24 89 80 21 EC 2C 0C 00 00
        40 82 01 18 89 80 21 EE 2C 0C 00 00 40 82 01 0C
        89 80 21 DD 2C 0C 00 00 41 82 00 10 81 80 21 E0
        28 0C 00 04 40 81 00 F4 39 80 00 01 99 80 21 EC
        39 60 00 00 99 60 21 ED 38 60 00 04 38 80 00 00
        38 A0 00 00 48 02 A8 39 48 00 00 D0 2C 1E 00 7D
        40 82 00 C8 89 9D 00 01 2C 0C 00 82 40 82 00 34
        48 00 52 01 39 80 00 01 99 80 22 2A 99 80 21 DD
        81 80 21 AC 2C 0C 00 00 41 82 00 A0 39 80 00 90
        99 80 22 16 39 80 00 99 99 80 22 2B 48 00 00 8C
        48 08 65 91 90 60 21 D0 89 80 21 E8 2C 0C 00 00
        41 82 00 30 39 80 00 00 99 80 21 E8 38 60 00 0A
        38 80 00 00 38 A0 00 00 48 02 A7 C5 48 04 E4 C1
        38 60 00 03 38 80 00 00 38 A0 00 00 48 02 A7 B1
        89 80 21 DC 2C 0C 00 00 41 82 00 10 81 80 21 AC
        2C 0C 00 00 40 82 00 34 3B E0 00 00 9B E0 21 E9
        9B E0 21 DD 93 E0 21 E0 93 E0 21 BC 89 80 21 DC
        2C 0C 00 00 40 82 00 14 38 60 00 0E 38 80 00 00
        38 A0 00 00 48 02 A7 69 83 A1 00 1C 83 C1 00 20
        83 E1 00 24 80 01 00 2C 7C 08 03 A6 38 21 00 28
        4E 80 00 20 00 00 00 00 00 00 00 00 00 00 00 00

DC14:
                    94 21 FF E8 7C 08 02 A6 93 C1 00 10
        93 E1 00 14 90 01 00 1C 3B E3 00 00 3B C0 00 00
        89 60 21 DD 2C 0B 00 00 41 82 01 A8 89 80 21 ED
        2C 0C 00 00 41 82 01 9C 81 80 21 AC 2C 0C 00 00
        40 82 00 68 81 80 21 BC 2C 0C 00 00 41 82 01 84
        81 80 20 A0 2C 0C 00 00 41 82 01 78 48 08 64 45
        81 80 20 A0 7C 6C 18 50 81 60 21 BC 3D 40 00 01
        61 4A 86 A0 7D 6B 52 14 7C 03 58 40 40 81 01 54
        48 00 45 99 38 60 00 06 38 80 00 00 38 A0 00 00
        48 02 A6 6D 39 20 00 00 99 20 21 ED 48 08 64 05
        90 60 20 A4 48 00 01 2C 81 80 20 A0 2C 0C 00 00
        40 82 00 AC 3D 60 20 00 81 8B 0A C4 55 8C 07 7B
        41 82 07 A8 81 80 21 AC 2C 0C 00 01 40 82 00 7C
        4B FF F6 39 3C 60 00 04 60 63 93 E0 48 08 65 61
        39 80 00 01 99 80 21 EC 38 60 00 00 98 60 21 ED
        98 60 21 EE 38 60 00 04 38 80 00 00 38 A0 00 00
        48 02 A5 FD 3C 60 00 00 60 63 C3 50 48 08 65 31
        38 60 00 00 90 60 20 A4 98 60 21 EC 98 60 21 F0
        98 60 21 48 38 60 00 01 98 60 21 ED 98 60 21 EE
        98 60 20 99 48 00 44 11 38 60 00 05 38 80 00 00
        38 A0 00 00 48 02 A5 B9 48 08 63 59 90 60 20 A0
        39 80 00 00 99 80 21 DF 48 00 00 78 81 80 20 A4
        2C 0C 00 00 40 82 00 20 3D 60 20 00 81 8B 0A C4
        55 8C 07 7B 40 82 00 5C 48 08 63 29 90 60 20 A4
        48 00 00 50 81 60 21 BC 2C 0B 00 00 41 82 00 28
        48 08 63 11 81 80 20 A0 7C 6C 18 50 81 60 21 BC
        3D 40 00 01 61 4A 5F 90 7D 6B 52 14 7C 03 58 40
        41 80 00 20 48 00 44 65 38 60 00 06 38 80 00 00
        38 A0 00 00 48 02 A5 39 39 20 00 00 99 20 21 ED
        81 80 21 AC 2C 0C 00 00 41 82 00 0C 2C 0C 00 02
        40 82 00 7C 89 80 21 E8 2C 0C 00 00 41 82 00 70
        89 80 21 ED 2C 0C 00 00 40 82 00 64 89 80 21 EE
        2C 0C 00 00 40 82 00 58 48 08 62 99 81 80 21 C4
        7C 6C 18 50 89 60 21 B2 55 6B 10 3A 3D 40 00 01
        61 4A 24 F0 7D 6A 58 2E 7C 03 58 40 40 81 00 30
        39 80 00 00 99 80 21 E8 38 60 00 0A 38 80 00 00
        38 A0 00 00 48 02 A4 B9 48 04 E1 B5 38 60 00 03
        38 80 00 00 38 A0 00 00 48 02 A4 A5 81 80 21 AC
        2C 0C 00 01 40 82 00 54 89 80 21 E8 2C 0C 00 00
        41 82 00 48 89 80 21 ED 2C 0C 00 00 40 82 00 3C
        89 80 21 EE 2C 0C 00 00 40 82 00 30 39 80 00 00
        99 80 21 E8 38 60 00 0A 38 80 00 00 38 A0 00 00
        48 02 A4 5D 48 04 E1 59 38 60 00 03 38 80 00 00
        38 A0 00 00 48 02 A4 49 48 00 4F 39 81 80 21 E0
        28 0C 00 04 40 81 00 8C 89 80 21 DD 2C 0C 00 00
        40 82 00 80 89 80 21 48 2C 0C 00 00 41 82 00 64
        89 80 20 98 2C 0C 00 00 41 82 00 18 38 60 00 39
        38 80 00 00 3C A0 00 3A 48 02 A4 05 48 00 00 38
        39 80 00 00 91 81 00 08 3C 60 00 02 38 63 C6 A0
        3C 80 00 02 38 84 C6 DC 38 A0 00 00 38 C0 00 00
        38 E0 00 00 39 00 00 00 39 20 00 00 39 40 00 00
        48 08 C5 79 3B E0 00 00 9B E0 21 F0 9B E0 21 48
        3B E0 00 00 9B E0 21 E6 9B E0 21 E5 48 00 01 14
        28 1F 00 0A 40 81 00 74 89 80 21 48 2C 0C 00 00
        41 82 01 00 89 80 20 98 2C 0C 00 00 41 82 00 18
        38 60 00 39 38 80 00 00 3C A0 00 31 48 02 A3 81
        48 00 00 38 39 80 00 00 91 81 00 08 3C 60 00 02
        38 63 C6 E0 3C 80 00 02 38 84 C6 DC 38 A0 00 00
        38 C0 00 00 38 E0 00 00 39 00 00 00 39 20 00 00
        39 40 00 00 48 08 C4 F5 3B E0 00 00 9B E0 21 F0
        9B E0 21 48 48 00 00 9C 89 80 21 48 2C 0C 00 00
        41 82 00 90 89 80 21 F0 2C 0C 00 00 41 82 00 84
        48 08 60 C1 81 80 21 CC 7C 6C 18 50 3D 60 00 4C
        61 6B 4B 40 7C 03 58 40 40 81 00 68 38 60 00 C7
        38 80 00 00 3C A0 00 36 48 02 A2 F5 89 20 20 98
        2C 09 00 00 40 82 00 38 39 80 00 10 91 81 00 08
        3C 60 00 02 38 63 C7 04 3C 80 00 02 38 84 C6 DC
        38 A0 00 00 38 C0 00 00 38 E0 00 00 39 00 00 00
        39 20 00 00 39 40 00 00 48 08 C4 61 3B E0 00 00
        9B E0 21 F0 9B E0 21 48 39 60 00 01 99 60 21 E7
        81 80 21 F4 81 60 22 24 7D 8C 5A 14 55 9F 20 36
        3D 40 00 02 39 4A 8F 6C 7D 4A F8 AE 99 40 58 22
        3D 60 00 02 39 6B 91 0C 7D 6B F8 AE 99 60 22 15
        89 80 21 E8 2C 0C 00 00 38 80 00 01 41 82 00 08
        38 80 00 00 89 80 21 DD 2C 0C 00 00 40 82 00 1C
        81 80 21 AC 2C 0C 00 00 40 82 00 10 3C 60 00 01
        60 63 11 70 48 00 00 0C 3C 60 00 04 60 63 93 E0
        48 04 DE A1 3B E3 00 00 2C 1F 00 00 41 82 00 10
        89 80 21 E4 2C 0C 00 00 41 82 00 2C 39 80 00 01
        99 80 21 EA 38 60 58 20 89 43 00 04 55 4A 07 FA
        99 43 00 04 38 60 00 00 98 60 22 11 98 60 21 F1
        48 00 00 88 39 80 00 00 99 80 21 EA 38 60 58 20
        89 43 00 04 61 4A 00 02 99 43 00 04 57 E3 00 1E
        3D 60 00 12 7C 03 58 40 41 82 00 10 3D 80 00 22
        7C 03 60 40 40 82 00 10 39 80 00 03 99 80 22 11
        48 00 00 44 3D 80 00 1B 7C 03 60 40 40 82 00 10
        39 80 00 05 99 80 22 11 48 00 00 2C 3D 80 00 0D
        7C 03 60 40 40 82 00 18 39 80 00 08 99 80 22 11
        39 60 00 00 99 60 21 F1 48 00 00 10 39 80 00 01
        99 80 22 11 48 00 4B D5 89 80 22 11 2C 0C 00 00
        40 82 00 84 81 80 21 AC 2C 0C 00 03 40 82 00 30
        89 80 21 E8 2C 0C 00 00 41 82 00 6C 48 08 5E E5
        81 60 21 A8 7C 6B 18 50 3D 40 00 03 61 4A 0D 40
        7C 03 50 40 40 81 00 3C 48 00 00 4C 81 80 21 AC
        2C 0C 00 02 40 82 00 40 89 80 21 E8 2C 0C 00 00
        41 82 00 20 48 08 5E AD 81 60 21 A8 7C 6B 18 50
        3D 40 00 03 61 4A 0D 40 7C 03 50 40 41 81 00 18
        39 80 00 08 99 80 22 11 39 60 00 00 99 60 21 EA
        99 60 21 F1 81 60 21 AC 3D 40 00 01 61 4A 25 64
        7D 6A 58 AE 89 80 22 11 7D 6C 63 78 99 80 22 11
        89 80 21 EE 2C 0C 00 00 41 82 00 7C 89 80 21 ED
        2C 0C 00 00 40 82 00 70 57 EC 00 1E 3D 60 00 0D
        7C 0C 58 40 40 82 00 44 57 EC 04 3E 28 0C 01 00
        41 80 00 38 48 08 5E 2D 81 80 20 A4 7C 6C 18 50
        81 80 21 AC 2C 0C 00 00 40 82 00 10 3D 60 01 31
        61 6B 2D 00 48 00 00 0C 3D 60 00 6A 61 6B CF C0
        7C 03 58 40 40 81 01 C4 89 80 21 DF 2C 0C 00 00
        40 82 00 0C 3B C0 00 12 48 00 01 B0 3B C0 00 02
        48 00 01 A8 8B E0 21 E9 2C 1F 00 00 40 82 00 3C
        89 80 21 E6 2C 0C 00 00 40 82 00 28 89 80 21 E5
        2C 0C 00 00 40 82 00 1C 89 80 21 48 2C 0C 00 00
        40 82 00 10 89 80 22 28 2C 0C 00 00 41 82 00 0C
        3B C0 00 01 48 00 01 64 2C 1F 00 00 41 82 01 5C
        89 80 21 EC 2C 0C 00 00 40 82 01 50 89 80 21 ED
        2C 0C 00 00 40 82 01 44 8B E0 21 F2 2C 1F 00 00
        41 82 00 0C 3B DF 00 00 48 00 01 30 89 80 21 EB
        89 60 21 EA 7C 0C 58 00 41 82 00 30 81 80 21 E0
        28 0C 00 02 41 80 00 24 89 80 21 DD 2C 0C 00 00
        40 82 00 10 89 80 21 E8 2C 0C 00 00 41 82 00 0C
        3B C0 00 01 48 00 00 F4 89 80 21 DD 2C 0C 00 00
        41 82 00 E8 81 80 21 E0 28 0C 00 03 40 81 00 DC
        89 80 21 E8 2C 0C 00 00 41 82 00 20 48 08 5D 05
        81 80 21 CC 7C 6C 18 50 3D 60 00 7A 61 6B 12 00
        7C 03 58 40 40 81 00 40 89 80 21 E6 2C 0C 00 00
        40 82 00 28 89 80 21 E5 2C 0C 00 00 40 82 00 1C
        89 80 21 48 2C 0C 00 00 40 82 00 10 89 80 22 28
        2C 0C 00 00 41 82 00 10 39 80 00 01 99 80 22 19
        48 00 00 74 89 80 21 E6 2C 0C 00 00 40 82 00 10
        89 80 21 E5 2C 0C 00 00 41 82 00 0C 3B C0 00 13
        48 00 00 58 89 80 21 48 2C 0C 00 00 41 82 00 34
        89 80 21 F0 2C 0C 00 00 40 82 00 28 89 80 21 EB
        2C 0C 00 00 41 82 00 1C 89 80 21 E8 2C 0C 00 00
        41 82 00 10 39 80 00 03 99 80 22 19 48 00 00 18
        89 80 21 E7 2C 0C 00 00 41 82 00 10 39 80 00 00
        99 80 22 19 3B C0 00 04 57 C3 06 3E 83 C1 00 10
        83 E1 00 14 80 01 00 1C 7C 08 03 A6 38 21 00 18
        4E 80 00 20 00 00 00 00 00 00 00 00 00 00 00 00

E524:
                    94 21 FF 40 7C 08 02 A6 BD C1 00 78
        90 01 00 C4 4B FF CE F5 3C 60 00 01 38 63 25 70
        38 80 00 02 48 06 93 A1 3C 80 00 01 60 84 28 DC
        38 60 00 28 48 02 AB 61 4B FF D8 B1 3A C0 00 00
        3B 60 00 00 3F E0 20 00 3B FF 00 00 3A E0 7D 00
        81 80 21 AC 2C 0C 00 00 40 82 00 0C 3E E0 00 03
        62 F7 0D 40 7C C0 00 A6 7C 11 13 A6 4C 00 01 2C
        3C A0 00 01 38 A5 80 00 7C C6 28 38 7C 70 42 A6
        54 63 08 3E 7C 63 28 78 7C 63 33 78 7C 70 43 A6
        81 9F 0A C4 61 8C 00 01 91 9F 0A C4 81 7F 0A C0
        55 6B 00 3C 91 7F 0A C0 81 5F 0A B8 61 4A 00 01
        91 5F 0A B8 81 9F 0A BC 55 8C 00 3C 91 9F 0A BC
        7C 90 42 A6 54 83 F8 3E 7C 70 43 A6 70 84 80 00
        41 82 00 08 7C 10 13 A6 4C 00 01 2C 7C C0 00 A6
        7C 11 13 A6 4C 00 01 2C 3C A0 00 01 38 A5 80 00
        7C C6 28 38 7C 70 42 A6 54 63 08 3E 7C 63 28 78
        7C 63 33 78 7C 70 43 A6 A1 9F 09 60 55 8C 06 2C
        B1 9F 09 60 A1 7F 09 64 55 6B 06 2C B1 7F 09 64
        A1 5F 09 66 55 4A 06 2C B1 5F 09 66 A1 9F 09 62
        55 8C 06 2C B1 9F 09 62 7C 90 42 A6 54 83 F8 3E
        7C 70 43 A6 70 84 80 00 41 82 00 08 7C 10 13 A6
        4C 00 01 2C A1 7F 09 66 55 6B 05 EF 41 82 00 24
        38 60 FF FF 38 80 00 01 38 A0 03 E8 38 C0 00 00
        48 06 54 1D A1 9F 09 66 55 8C 05 EF 40 82 FF E4
        A1 9F 09 66 55 8C 05 EF 40 82 02 20 89 80 21 E9
        2C 0C 00 00 40 82 00 34 89 80 21 E5 2C 0C 00 00
        40 82 00 28 89 80 21 E6 2C 0C 00 00 40 82 00 1C
        89 80 21 48 2C 0C 00 00 40 82 00 10 89 80 22 28
        2C 0C 00 00 41 82 00 1C 38 60 FF FF 38 80 00 01
        38 A0 03 E8 38 C0 00 00 48 06 53 B5 48 00 00 1C
        38 60 FF FF 38 80 00 01 3C A0 00 4C 60 A5 4B 40
        38 C0 00 00 48 06 53 99 48 00 46 E9 38 7B 00 00
        4B FF F4 F5 3B A3 00 00 57 BD 06 3E 2C 1D 00 00
        41 82 01 8C 89 80 21 E9 2C 0C 00 00 40 82 00 20
        48 08 59 71 81 80 21 D0 7C 6C 18 50 3D 60 00 07
        61 6B A1 20 7C 03 58 40 41 81 00 10 81 80 21 E0
        28 0C 00 02 41 80 01 58 48 08 59 49 7C 76 18 50
        7C 03 B8 40 40 81 01 48 89 80 21 EF 2C 0C 00 00
        41 82 00 18 48 08 59 2D 81 80 21 C4 7C 6C 18 50
        7C 03 B8 40 40 81 01 28 57 BD 06 3E 38 BD 00 00
        38 60 00 C7 38 80 00 00 48 02 9B 65 3A 40 00 01
        7C C0 00 A6 7C 11 13 A6 4C 00 01 2C 3C A0 00 01
        38 A5 80 00 7C C6 28 38 7C 70 42 A6 54 63 08 3E
        7C 63 28 78 7C 63 33 78 7C 70 43 A6 A1 3F 09 66
        61 29 01 00 B1 3F 09 66 A1 9F 09 64 55 8C 06 2C
        B1 9F 09 64 A1 7F 09 60 61 6B 01 00 B1 7F 09 60
        A1 5F 09 62 55 4A 06 2C B1 5F 09 62 7C 90 42 A6
        54 83 F8 3E 7C 70 43 A6 70 84 80 00 41 82 00 08
        7C 10 13 A6 4C 00 01 2C 38 60 0B B8 48 08 5A 21
        7C C0 00 A6 7C 11 13 A6 4C 00 01 2C 3C A0 00 01
        38 A5 80 00 7C C6 28 38 7C 70 42 A6 54 63 08 3E
        7C 63 28 78 7C 63 33 78 7C 70 43 A6 A1 7F 09 60
        55 6B 06 2C B1 7F 09 60 A1 5F 09 64 55 4A 06 2C
        B1 5F 09 64 A1 9F 09 66 55 8C 06 2C B1 9F 09 66
        A1 7F 09 62 55 6B 06 2C B1 7F 09 62 7C 90 42 A6
        54 83 F8 3E 7C 70 43 A6 70 84 80 00 41 82 00 08
        7C 10 13 A6 4C 00 01 2C 38 60 03 E8 48 08 59 A1
        48 08 58 01 3A C3 00 00 3B 7B 00 01 A1 9F 09 66
        55 8C 05 EF 41 82 FD E8 81 9F 0A C4 55 8C 07 7B
        41 82 FD 2C 48 08 57 DD 3A C3 00 00 3B 60 00 00
        38 61 00 08 38 80 00 00 38 A0 00 2C 48 09 73 9D
        38 61 00 34 38 80 00 00 38 A0 00 2C 48 09 73 8D
        39 20 00 AA 99 21 00 33 3B 80 00 00 3B 40 00 00
        88 61 00 34 38 97 00 00 4B FF CC DD 3B 23 00 00
        9B 21 00 08 57 39 06 3E 2C 19 00 7E 40 82 00 B8
        3B 40 00 02 2C 12 00 00 41 82 00 7C 7C C0 00 A6
        7C 11 13 A6 4C 00 01 2C 3C A0 00 01 38 A5 80 00
        7C C6 28 38 7C 70 42 A6 54 63 08 3E 7C 63 28 78
        7C 63 33 78 7C 70 43 A6 81 7F 0A C4 55 6B 07 76
        91 7F 0A C4 81 5F 0A C0 55 4A 07 76 91 5F 0A C0
        81 9F 0A B8 61 8C 00 08 91 9F 0A B8 81 7F 0A BC
        61 6B 00 08 91 7F 0A BC 7C 90 42 A6 54 83 F8 3E
        7C 70 43 A6 70 84 80 00 41 82 00 08 7C 10 13 A6
        4C 00 01 2C 39 80 00 01 99 81 00 35 39 60 00 00
        99 61 00 36 38 60 00 01 38 97 00 00 4B FF CC 29
        98 61 00 09 88 61 00 36 38 97 00 00 4B FF CC 19
        98 61 00 0A 3A 40 00 00 7D 61 D2 14 3A 2B 00 08
        7D 81 D2 14 3A 6C 00 34 3A B1 FF FF 89 51 00 00
        2C 0A 00 01 40 82 00 80 3B 80 00 01 7C C0 00 A6
        7C 11 13 A6 4C 00 01 2C 3C A0 00 01 38 A5 80 00
        7C C6 28 38 7C 70 42 A6 54 63 08 3E 7C 63 28 78
        7C 63 33 78 7C 70 43 A6 81 5F 0A C4 55 4A 07 76
        91 5F 0A C4 81 9F 0A C0 55 8C 07 76 91 9F 0A C0
        81 7F 0A B8 61 6B 00 08 91 7F 0A B8 81 5F 0A BC
        61 4A 00 08 91 5F 0A BC 7C 90 42 A6 54 83 F8 3E
        7C 70 43 A6 70 84 80 00 41 82 00 08 7C 10 13 A6
        4C 00 01 2C 3B 00 00 08 89 91 00 00 2C 0C 00 7D
        40 82 00 08 3B 00 00 02 3A 00 00 00 3B 20 00 01
        39 F1 00 00 39 D7 00 00 89 91 00 00 2C 0C 00 01
        41 82 00 10 39 80 00 00 7D 93 C9 AE 48 00 02 08
        7D 95 C8 AE 7D 93 C9 AE 2C 19 00 02 40 82 00 40
        81 80 21 AC 2C 0C 00 00 40 82 00 28 81 80 21 E0
        28 0C 00 02 41 80 00 1C 89 80 21 DD 2C 0C 00 00
        40 82 00 10 39 80 00 11 7D 93 C9 AE 48 00 01 B8
        39 80 00 81 7D 93 C9 AE 48 00 01 AC 2C 19 00 04
        40 82 01 7C 89 91 00 03 3B 0C 00 08 88 B1 00 02
        2C 05 00 03 40 82 01 10 39 80 00 00 99 80 21 EF
        81 80 21 AC 2C 0C 00 00 40 82 00 20 89 60 21 DD
        2C 0B 00 00 40 82 00 14 3A A0 58 14 89 60 58 19
        3B 0B 00 08 48 00 00 D8 57 AC 06 F6 2C 0C 00 00
        41 82 00 40 57 BD 07 34 38 C0 58 1B 39 40 00 82
        99 46 00 03 3D 20 00 00 39 29 73 D8 57 BD 06 3E
        1D 9D 00 34 7D 29 60 AE 55 29 06 36 99 26 00 04
        3A A0 58 17 89 46 00 01 3B 0A 00 08 48 00 00 90
        57 BD 06 3E 2C 1D 00 00 40 82 00 08 3B A0 00 01
        38 C0 58 1B 39 60 00 83 99 66 00 03 3C 60 00 00
        38 63 73 D8 57 BD 06 3E 1C 9D 00 34 7F A3 20 AE
        9B A6 00 04 3A A0 58 17 89 46 00 01 3B 0A 00 08
        38 C0 58 29 57 AB 07 7E 39 6B 00 01 99 66 00 01
        9B A6 00 02 38 C0 00 00 7D 83 22 14 3B AC 00 18
        85 9D 00 04 39 60 00 00 2C 0C 00 00 41 82 00 0C
        81 7D 00 00 89 6B 00 00 39 80 58 2C 7D 6C 31 AE
        38 C6 00 01 28 06 00 06 41 80 FF D8 3B A0 00 00
        48 00 00 4C 38 C0 00 00 81 60 58 34 2C 0B 00 00
        41 82 00 3C 38 80 58 34 38 65 00 00 80 A4 00 00
        89 65 00 00 7C 0B 18 00 40 82 00 14 3A A5 FF FC
        89 65 00 01 3B 0B 00 08 48 00 00 14 38 C6 00 01
        85 64 00 04 2C 0B 00 00 40 82 FF D4 28 18 00 2C
        40 81 00 34 3B 00 00 2C 48 00 00 2C 39 99 00 02
        7C 0C C0 40 40 82 00 0C 7E 13 C9 AE 48 00 00 18
        39 99 00 02 7C 0C C0 40 40 81 00 0C 39 80 00 00
        7D 93 C9 AE 28 19 00 02 41 80 00 0C 7D 93 C8 AE
        7E 10 62 78 7C 73 C8 AE 38 8E 00 00 4B FF C9 29
        9C 6F 00 01 7C 19 C0 40 40 80 00 28 89 8F 00 00
        2C 0C 00 AA 41 82 00 1C A1 9F 09 66 55 8C 05 EF
        41 82 00 10 3B 39 00 01 7C 19 C0 40 41 80 FD AC
        89 8F 00 00 2C 0C 00 AA 40 82 00 18 89 8F FF FF
        2C 0C 00 00 41 82 00 0C 39 80 00 01 99 80 22 2A
        7C C0 00 A6 7C 11 13 A6 4C 00 01 2C 3C A0 00 01
        38 A5 80 00 7C C6 28 38 7C 70 42 A6 54 63 08 3E
        7C 63 28 78 7C 63 33 78 7C 70 43 A6 81 9F 0A B8
        55 8C 07 76 91 9F 0A B8 81 7F 0A C0 55 6B 07 76
        91 7F 0A C0 81 5F 0A C4 55 4A 07 76 91 5F 0A C4
        81 9F 0A BC 55 8C 07 76 91 9F 0A BC 7C 90 42 A6
        54 83 F8 3E 7C 70 43 A6 70 84 80 00 41 82 00 08
        7C 10 13 A6 4C 00 01 2C 38 71 00 00 38 93 00 00
        4B FF E6 1D 89 40 20 8C 2C 0A 00 00 40 82 00 10
        89 80 21 B1 2C 0C 00 00 41 82 F7 B4 7D 9A CA 14
        38 AC 00 01 38 DC 00 00 38 61 00 08 38 81 00 34
        4B FF CE B1 4B FF F7 90 B9 C1 00 78 80 01 00 C4
        7C 08 03 A6 38 21 00 C0 4E 80 00 20 00 00 00 00

11F18:
                                94 21 FF F0 7C 08 02 A6
        93 E1 00 0C 90 01 00 14 7C C0 00 A6 7C 11 13 A6
        4C 00 01 2C 3C A0 00 01 38 A5 80 00 7C C6 28 38
        7C 70 42 A6 54 63 08 3E 7C 63 28 78 7C 63 33 78
        7C 70 43 A6 3F E0 20 00 3B FF 00 00 A1 7F 09 56
        61 6B 00 40 B1 7F 09 56 A1 5F 09 54 55 4A 06 B0
        B1 5F 09 54 A1 9F 09 50 61 8C 00 40 B1 9F 09 50
        A1 7F 09 52 55 6B 06 B0 B1 7F 09 52 7C 90 42 A6
        54 83 F8 3E 7C 70 43 A6 70 84 80 00 41 82 00 08
        7C 10 13 A6 4C 00 01 2C 7C C0 00 A6 7C 11 13 A6
        4C 00 01 2C 3C A0 00 01 38 A5 80 00 7C C6 28 38
        7C 70 42 A6 54 63 08 3E 7C 63 28 78 7C 63 33 78
        7C 70 43 A6 A1 5F 09 56 55 4A 06 6E B1 5F 09 56
        A1 9F 09 54 55 8C 06 6E B1 9F 09 54 A1 7F 09 50
        61 6B 00 80 B1 7F 09 50 A1 5F 09 52 55 4A 06 6E
        B1 5F 09 52 7C 90 42 A6 54 83 F8 3E 7C 70 43 A6
        70 84 80 00 41 82 00 08 7C 10 13 A6 4C 00 01 2C
        3C 80 00 02 38 84 88 1C 3C A0 00 02 38 A5 C8 14
        38 60 00 05 48 07 F7 35 3C 80 00 02 38 84 87 DC
        3C A0 00 02 38 A5 C8 20 38 60 00 09 48 07 F7 1D
        A1 3F 09 68 55 29 06 2C B1 3F 09 68 81 9F 09 48
        61 8C 02 00 91 9F 09 48 3C 80 00 02 38 84 89 80
        38 60 00 28 48 02 70 41 4B FF FD D1 38 60 58 54
        38 80 00 03 48 06 58 61 3C 60 00 02 38 63 C8 2C
        3C 80 00 02 38 84 82 78 39 00 21 A4 38 A0 00 00
        38 C0 00 64 38 E0 1F 40 48 06 06 69 3B E3 00 00
        2C 1F 00 00 41 82 00 0C 38 7F 00 00 48 00 00 08
        38 60 00 00 83 E1 00 0C 80 01 00 14 7C 08 03 A6
        38 21 00 10 4E 80 00 20 00 00 00 00 00 00 00 00
        00 00 00 00 00 00 00 00 00 00 00 00 00 00 00 00
        00 00 00 00 00 00 00 00 00 00 00 00 00 00 00 00
        00 00 00 00 00 00 00 00 00 00 00 00 00 00 00 00
        00 00 00 00 00 00 00 00 00 00 00 00 00 00 00 00
        00 00 00 00 00 00 00 00 00 00 00 00 00 00 00 00
        00 00 00 00 00 00 00 00 00 00 00 00 00 00 00 00
        00 00 00 00                                    
