EC:
        00012B0C 00012B28 00012B44 00012B60
        00012B7C 00012B98 00012BB4 00012BD0
        00012BEC 00012C08 00012C24 00012C40
        00012C5C 00012C78 00012C94 00012CB0
        00012CCC 00012CE8 00012D04 00012D20
        00012D3C 00000000        
        
56EC:
        000A09A8 00000000  00000000 00000000
        00017F94 00000000  00000003 00000000
        FFFFFFA5

9B33C:  
        4D 61 6E 75 61 6C 20 4C 65 6E 73 00 00 00 00 00

984B4:
        60 00 00 00 60 00 00 00 60 00 00 00

12B94: 
        94 21 FF F0 7C 08 02 A6 90 01 00 14 38 60 00 01 
        48 06 3D 91 90 60 21 B4 28 03 07 D0 40 81 00 0C 
        38 60 02 00 48 00 00 08 38 60 04 00 80 01 00 14 
        7C 08 03 A6 38 21 00 10 4E 80 00 20 00 00 00 00 
        00 00 00 00 00 00 00 00 00 00 00 00 

11704:
        60 00 00 00 60 00 00 00 60 00 00 00 60 00 00 00 
        60 00 00 00 60 00 00 00 60 00 00 00 60 00 00 00 

12068:  3C 80 00 02 38 84 81 70

3D8A8:  4B FC FE EC

D794:
        38 FE 29 78 80 87 00 04 2C 04 00 00 41 82 00 2C 
        80 67 00 00 1C 63 00 55 1C 84 00 64 7C E3 23 96 
        38 7F 00 00 3C 80 00 00 60 84 A4 05 38 A0 00 03 
        38 C0 00 01 48 08 56 25 38 FE 29 78 48 03 00 DC 
        
D7D4:
        94 21 FF B8 7C 08 02 A6 93 A1 00 3C 93 C1 00 40 
        93 E1 00 44 90 01 00 4C 3B C3 00 00 3B A4 00 00 
        81 60 21 50 55 6B 10 3A 39 40 57 58 7C AA 58 2E 
        38 61 00 08 3C 80 00 01 38 84 2D 9C 48 09 35 55 
        38 60 00 BE 48 01 81 95 3B E3 00 00 38 60 00 00 
        48 01 81 89 39 23 00 00 38 E1 00 08 38 7E 00 00 
        38 9D 00 00 38 A0 01 F4 38 C0 00 32 39 00 00 00 
        39 5F 00 00 48 01 4C F9 83 A1 00 3C 83 C1 00 40 
        83 E1 00 44 80 01 00 4C 7C 08 03 A6 38 21 00 48 
        4E 80 00 20 

12928:
        94 21 FF E0 7C 08 02 A6 93 A1 00 14 93 C1 00 18 
        93 E1 00 1C 90 01 00 24 3B A3 00 00 38 7D 00 00 
        48 08 81 65 38 7D 00 00 48 08 83 59 48 05 77 E5 
        3B E0 00 00 3D 40 00 01 61 4A 2A FC 83 AA 00 00 
        2C 1D 00 00 41 82 00 30 3B C0 57 54 84 BE 00 04 
        39 01 00 08 38 7F 00 00 38 80 00 02 38 C0 00 01 
        38 E0 00 00 48 05 7C 1D 3B FF 00 01 7C 1F E8 00 
        41 80 FF DC 83 E0 21 50 93 E1 00 08 93 E1 00 0C 
        38 61 00 0C 38 80 00 00 48 05 82 99 3B E3 00 00 
        2C 1F 00 24 41 82 00 44 2C 1F 00 1C 41 82 00 3C 
        2C 1F 00 1A 41 82 00 34 2C 1F 00 16 41 82 00 2C 
        2C 1F 00 17 41 82 00 24 2C 1F 00 26 41 82 00 1C 
        2C 1F 00 18 40 82 FF 58 81 81 00 08 91 80 21 50 
        38 60 21 50 48 06 69 31 48 05 77 F9 38 7F 00 00 
        83 A1 00 14 83 C1 00 18 83 E1 00 1C 80 01 00 24 
        7C 08 03 A6 38 21 00 20 4E 80 00 20 

12A2C:
        94 21 FF E0 7C 08 02 A6 93 81 00 10 93 A1 00 14 
        93 C1 00 18 93 E1 00 1C 90 01 00 24 3B E3 00 00 
        93 E0 20 90 3C 60 20 00 48 08 33 E9 2C 03 00 00 
        40 82 00 70 3C 60 00 01 38 63 2A 30 38 80 00 02 
        48 06 4E 79 38 60 56 98 38 80 00 04 48 06 4E 6D 
        3C 60 00 02 38 63 C9 00 3C 80 00 01 38 84 6D 5C 
        39 00 20 94 38 A0 00 00 38 C0 00 A1 38 E0 1F 40 
        48 05 FC 75 3B E3 00 00 2C 1F 00 00 41 82 00 0C 
        38 7F 00 00 48 00 00 20 4B FF F4 65 3B E3 00 00 
        2C 1F 00 00 41 82 00 0C 38 7F 00 00 48 00 00 08 
        38 60 00 00 83 81 00 10 83 A1 00 14 83 C1 00 18 
        83 E1 00 1C 80 01 00 24 7C 08 03 A6 38 21 00 20 
        4E 80 00 20 00 00 00 00 00 00 00 00 00 00 00 00 
        00 00 00 00 00 00 00 00 94 21 FF F8 7C 08 02 A6 
        90 01 00 0C 38 60 22 24 3C A0 00 02 38 A5 C8 0C 
        3C E0 00 08 38 E7 F1 08 38 80 00 00 38 C0 00 01 
        39 00 00 00 48 05 7A 79 80 60 20 90 3C A0 00 01 
        60 A5 2D 4C 3C E0 00 01 38 E7 2F 00 38 80 00 00 
        38 C0 00 01 39 00 00 00 48 05 7A 55 80 01 00 0C 
        7C 08 03 A6 38 21 00 08 4E 80 00 20 00 00 00 00 
        00 00 00 00 00 00 00 00 00 00 00 00 00 00 00 00 
        00 00 00 00 00 00 00 00 00 00 00 00 

D3C4:
        00012AC0 00012AD8 00002150 0001B788
        00000004 00600502 00000000 00000014
        00000000 00005758 00000000 00000000
        00012AEC 00012AEC 00012AFC 00000000
        00000005 00000D20 00000000 00000000
        00000250 00000000 00000000 00000000
        00000000 00000000 00000000 00000000
        00000000 00000000 00000000 00000000
        00000000 00000000 00000000 00000000
        63 61 6D 65 72 61 4D 61 6E 75 61 6C 4C 65 6E 73
        53 65 74 74 69 6E 67 00 4D 61 6E 75 61 6C 20 4C
        65 6E 73 20 44 61 74 61 00 00 00 00 6C 65 6E 73
        53 65 74 74 69 6E 67 44 61 74 61 00 00 00 00 15
        00 00 00 00 00 00 00 00 00 00 00 00 2D 2D 2D 00
        00 00 00 00 00 00 00 00 00 00 00 00 00 00 00 18
        00 00 00 28 00 00 00 0A 20 32 34 6D 6D 20 66 2F
        34 00 00 00 00 00 00 00 00 00 00 23 00 00 00 23
        00 00 00 0A 20 33 35 6D 6D 20 66 2F 33 2E 35 00
        00 00 00 00 00 00 00 28 00 00 00 28 00 00 00 0A
        20 34 30 6D 6D 20 66 2F 34 00 00 00 00 00 00 00
        00 00 00 2D 00 00 00 1C 00 00 00 0A 20 34 35 6D
        6D 20 66 2F 32 2E 38 00 00 00 00 00 00 00 00 32
        00 00 00 1C 00 00 00 0A 20 35 30 6D 6D 20 66 2F
        32 2E 38 00 00 00 00 00 00 00 00 32 00 00 00 28
        00 00 00 0A 20 35 30 6D 6D 20 66 2F 34 00 00 00
        00 00 00 00 00 00 00 37 00 00 00 1C 00 00 00 0A
        20 35 35 6D 6D 20 66 2F 32 2E 38 00 00 00 00 00
        00 00 00 3C 00 00 00 23 00 00 00 0A 20 36 30 6D
        6D 20 66 2F 33 2E 35 00 00 00 00 00 00 00 00 50
        00 00 00 13 00 00 00 0A 20 38 30 6D 6D 20 66 2F
        31 2E 39 00 00 00 00 00 00 00 00 50 00 00 00 1C
        00 00 00 0A 20 38 30 6D 6D 20 66 2F 32 2E 38 00
        00 00 00 00 00 00 00 64 00 00 00 23 00 00 00 0A
        31 30 30 6D 6D 20 66 2F 33 2E 35 00 00 00 00 00
        00 00 00 69 00 00 00 18 00 00 00 0A 31 30 35 6D
        6D 20 66 2F 32 2E 34 00 00 00 00 00 00 00 00 6E
        00 00 00 14 00 00 00 0A 31 31 30 6D 6D 20 66 2F
        32 00 00 00 00 00 00 00 00 00 00 78 00 00 00 28
        00 00 00 0A 31 32 30 6D 6D 20 66 2F 34 00 00 00
        00 00 00 00 00 00 00 96 00 00 00 1C 00 00 00 0A
        31 35 30 6D 6D 20 66 2F 32 2E 38 00 00 00 00 00
        00 00 00 96 00 00 00 28 00 00 00 0A 31 35 30 6D
        6D 20 66 2F 34 00 00 00 00 00 00 00 00 00 00 B4
        00 00 00 28 00 00 00 0A 31 38 30 6D 6D 20 66 2F
        34 00 00 00 00 00 00 00 00 00 00 C8 00 00 00 1C
        00 00 00 0A 32 30 30 6D 6D 20 66 2F 32 2E 38 00
        00 00 00 00 00 00 00 FA 00 00 00 28 00 00 00 0A
        32 35 30 6D 6D 20 66 2F 34 00 00 00 00 00 00 00
        00 00 01 2C 00 00 00 1C 00 00 00 0A 33 30 30 6D
        6D 20 66 2F 32 2E 38 00 00 00 00 00 4D 61 6E 75
        61 6C 20 4C 65 6E 73 20 44 61 74 61 07 00 00 00
        4C 6F 61 64 20 4C 45 4E 53 2E 54 58 54 20 66 69
        6C 65 07 07 00 00 00 00 00 00 00 00 00 00 00 00
        00 00 00 00 52 65 73 65 74 20 74 6F 20 64 65 66
        61 75 6C 74 73 07 07 00 00 00 00 00 4C 65 6E 73
        28 4D 29 3A 20 25 73 00 4C 45 4E 53 2E 54 58 54
        00 00 00 00 00 00 00 00 00 00 00 00 00 00 00 00
        00 00 00 00 00 00 00 00 00 00 00 00 00 00 00 00
        00 00 00 00 00 00 00 00 00 00 00 00 00 00 00 00
        00 00 00 00 00 00 00 00 00 00 00 00 00 00 00 00
        00 00 00 00 00 00 00 00 00 00 00 00 00 00 00 00
        
A948-B41C:
                                94 21 FF B0 7C 08 02 A6
        93 C1 00 48 93 E1 00 4C 90 01 00 54 3B E3 00 00
        81 80 21 B8 2C 0C 04 00 41 82 00 60 80 DF 07 D0
        38 61 00 08 3C 80 00 02 38 84 C2 E0 3C A0 00 02
        38 A5 C2 E8 48 09 63 E1 38 7F 05 78 38 81 00 08
        48 09 B3 F9 83 C0 21 FC 2C 1E 00 00 41 82 00 2C
        38 61 00 08 3C 80 00 02 38 84 C2 F8 3C A0 00 02
        38 A5 C3 04 38 DE 00 00 48 09 63 AD 38 7F 05 78
        38 81 00 08 48 09 B3 C5 81 80 21 B8 2C 0C 02 00
        40 82 01 38 3D 80 00 02 39 8C 9C 5C 89 7F 29 30
        55 6B 25 36 7C CC 58 2E 38 61 00 08 3C 80 00 02
        38 84 C2 E0 3C A0 00 02 38 A5 C3 0C 48 09 63 69
        38 7F 05 78 38 81 00 08 48 09 B3 81 3D 20 00 02
        39 29 9A 9C 89 7F 29 31 2C 0B 00 C0 41 80 00 20
        39 6B FF 40 1D 6B 00 1C 3D 40 00 01 61 4A 2B 00
        7D 4A 5A 14 38 CA 00 12 48 00 00 0C 55 6B 25 36
        7C C9 58 2E 38 61 00 08 3C 80 00 02 38 84 C2 E0
        3C A0 00 02 38 A5 C3 18 48 09 63 0D 38 7F 05 78
        38 81 00 08 48 09 B3 25 3D 40 00 02 39 4A 91 18
        89 7F 29 32 55 6B 25 36 7C CA 58 2E 38 61 00 08
        3C 80 00 02 38 84 C2 E0 3C A0 00 02 38 A5 C3 24
        48 09 62 D5 38 7F 05 78 38 81 00 08 48 09 B2 ED
        3D 20 00 02 39 29 98 AC 89 7F 29 33 55 6B 25 36
        7C C9 58 2E 38 61 00 08 3C 80 00 02 38 84 C2 E0
        3C A0 00 02 38 A5 C3 30 48 09 62 9D 38 7F 05 78
        38 81 00 08 48 09 B2 B5 3D 40 00 02 39 4A 9E 6C
        89 7F 29 34 55 6B 25 36 7C CA 58 2E 38 61 00 08
        3C 80 00 02 38 84 C2 E0 3C A0 00 02 38 A5 C3 40
        48 09 62 65 48 00 03 8C 2C 0C 04 00 40 82 03 90
        38 60 00 C7 38 80 00 00 80 A0 23 9C 48 02 D7 F1
        83 C0 23 9C 57 CC 02 3F 41 82 00 30 80 DF 07 D0
        57 C7 86 3E 57 C8 C6 3E 38 61 00 08 3C 80 00 02
        38 84 C3 50 3C A0 00 02 38 A5 C2 E8 57 C9 06 3E
        48 09 62 15 48 00 00 20 80 DF 07 D0 38 61 00 08
        3C 80 00 02 38 84 C2 E0 3C A0 00 02 38 A5 C2 E8
        48 09 61 F5 38 7F 05 78 38 81 00 08 48 09 B2 0D
        89 7F 29 31 2C 0B 00 C0 41 80 00 38 39 6B FF 40
        1D 6B 00 1C 3D 40 00 01 61 4A 2B 00 7D 4A 5A 14
        80 CA 00 00 38 61 00 08 3C 80 00 02 38 84 C2 F8
        3C A0 00 02 38 A5 C3 04 48 09 61 AD 48 00 00 30
        88 7F 29 4B 3C 80 00 02 38 84 AB B0 48 00 88 D1
        38 C3 00 00 38 61 00 08 3C 80 00 02 38 84 C3 64
        3C A0 00 02 38 A5 C3 04 48 09 61 7D 38 7F 05 78
        38 81 00 08 48 09 B1 95 38 61 00 08 3C 80 00 02
        38 84 C3 70 3C A0 00 02 38 A5 C3 74 48 09 61 59
        38 7F 05 78 38 81 00 08 48 09 B1 71 39 61 00 3C
        39 9F 29 28 81 2C 00 00 81 4C 00 04 91 2B 00 00
        91 4B 00 04 38 61 00 08 38 81 00 3C 48 00 76 AD
        38 7F 05 78 38 81 00 08 48 09 B1 41 3C C0 00 02
        38 C6 A0 E0 89 7F 29 30 55 7E 25 36 7D 46 F0 AE
        2C 0A 00 FD 41 80 00 20 7D 86 F2 14 80 AC 00 0C
        38 61 00 08 3C 80 00 02 38 84 C3 80 48 09 60 E9
        48 00 00 14 38 61 00 08 3C 80 00 02 38 84 C3 88
        48 09 60 D5 38 7F 05 78 38 81 00 08 48 09 B0 ED
        3D 40 00 02 39 4A A5 1C 89 7F 29 31 2C 0B 00 C0
        41 80 00 20 39 6B FF 40 1D 6B 00 1C 3D 40 00 01
        61 4A 2B 00 7D 4A 5A 14 38 CA 00 12 48 00 00 0C
        55 6B 25 36 7C C9 58 2E 38 61 00 08 3C 80 00 02
        38 84 C2 E0 3C A0 00 02 38 A5 C3 18 48 09 60 79
        38 7F 05 78 38 81 00 08 48 09 B0 91 3D 60 00 02
        39 6B 9F 4C 89 3F 29 32 55 29 25 36 7C CB 48 2E
        38 61 00 08 3C 80 00 02 38 84 C2 E0 3C A0 00 02
        38 A5 C3 24 48 09 60 41 38 7F 05 78 38 81 00 08
        48 09 B0 59 3D 40 00 02 39 4A A8 7C 89 3F 29 34
        55 29 25 36 7C CA 48 2E 38 61 00 08 3C 80 00 02
        38 84 C2 E0 3C A0 00 02 38 A5 C3 40 48 09 60 09
        38 7F 05 78 38 81 00 08 48 09 B0 21 88 7F 29 4A
        3C 80 00 02 38 84 AA 70 48 00 87 25 38 C3 00 00
        38 61 00 08 3C 80 00 02 38 84 C2 E0 3C A0 00 02
        38 A5 C3 8C 48 09 5F D1 38 7F 05 78 38 81 00 08
        48 09 AF E9 3D 80 00 02 39 8C B6 5C 89 7F 29 33
        55 6B 25 36 7C CC 58 2E 38 61 00 08 3C 80 00 02
        38 84 C2 E0 3C A0 00 02 38 A5 C3 30 48 09 5F 99
        38 7F 05 78 38 81 00 08 48 09 AF B1 89 3F 29 46
        55 23 07 7E 3C 80 00 02 38 84 B5 E0 48 00 86 B1
        38 C3 00 00 38 61 00 08 3C 80 00 02 38 84 C2 E0
        3C A0 00 02 38 A5 C3 A0 48 09 5F 5D 38 7F 05 78
        38 81 00 08 48 09 AF 75 89 5F 29 3E 55 43 D7 BE
        3C 80 00 02 38 84 B6 B0 48 00 86 75 38 C3 00 00
        38 61 00 08 3C 80 00 02 38 84 C2 E0 3C A0 00 02
        38 A5 C3 B4 48 09 5F 21 38 7F 05 78 38 81 00 08
        48 09 AF 39 89 3F 29 46 55 29 CF FF 41 82 00 10
        3F C0 00 02 3B DE C3 C8 48 00 00 0C 3F C0 00 02
        3B DE C3 CC 38 61 00 08 3C 80 00 02 38 84 C2 E0
        3C A0 00 02 38 A5 C3 C0 38 DE 00 00 48 09 5E D9
        38 7F 05 78 38 81 00 08 48 09 AE F1 89 80 20 8C
        2C 0C 00 00 40 82 00 10 89 80 20 8D 2C 0C 00 00
        41 82 00 14 3C 60 00 02 38 63 C3 D0 38 9F 05 78
        48 09 5D AD 83 C1 00 48 83 E1 00 4C 80 01 00 54
        7C 08 03 A6 38 21 00 50 4E 80 00 20 00 00 00 00
        00 00 00 00 00 00 00 00 00 00 00 00 00 00 00 00
        00 00 00 00 00 00 00 00 00 00 00 00 00 00 00 00
        94 21 FF F0 7C 08 02 A6 93 E1 00 0C 90 01 00 14
        81 80 22 00 81 60 22 D4 99 6C 29 30 81 60 22 D8
        2C 0B 00 00 41 82 00 38 83 E0 21 B8 2C 1F 04 00
        40 82 00 5C 83 E0 22 00 88 7F 29 4B 3C 80 00 02
        38 84 AB B0 48 00 84 A1 2C 04 00 00 41 82 00 40
        7C 63 23 96 90 60 21 FC 48 00 00 34 81 60 21 50
        2C 0B 00 00 41 82 00 28 1D 6B 00 1C 3D 40 00 01
        61 4A 2B 00 7D 4A 5A 14 80 6A 00 00 90 60 21 FC
        80 60 21 50 38 63 00 C0 90 60 22 D8 81 40 22 00
        81 20 22 D8 99 2A 29 31 81 80 22 00 81 60 22 CC
        99 6C 29 33 81 40 22 00 81 20 22 D0 99 2A 29 34
        81 60 21 FC 2C 0B 00 00 41 82 00 18 81 80 22 00
        39 8C 29 78 91 6C 00 00 39 60 00 01 91 6C 00 04
        83 E0 21 B8 2C 1F 02 00 40 82 00 C0 3D 60 00 02
        39 6B 9C 50 81 40 22 D4 55 4A 20 36 7C 6B 52 14
        48 00 83 F5 81 80 22 00 39 8C 29 28 90 6C 00 00
        90 8C 00 04 3D 40 00 02 39 4A 9A 90 81 60 22 D8
        2C 0B 00 C0 40 80 00 14 55 6B 20 36 7C 6A 5A 14
        48 00 83 C5 48 00 00 20 39 6B FF 40 1D 6B 00 1C
        3D 40 00 01 61 4A 2B 00 7D 4A 5A 14 80 6A 00 04
        80 8A 00 08 81 80 22 00 39 8C 29 70 90 6C 00 00
        90 8C 00 04 83 E0 22 00 3D 20 00 02 39 29 98 A4
        81 60 22 CC 55 6B 20 36 7D 29 58 2E 91 3F 29 AC
        3D 40 00 02 39 4A 9E 60 81 60 22 D0 55 6B 20 36
        7C 6A 5A 14 48 00 83 95 39 9F 29 90 90 6C 00 00
        90 8C 00 04 48 00 01 4C 2C 1F 04 00 40 82 01 44
        3D 60 00 02 39 6B A0 E0 81 40 22 D4 55 4A 20 36
        7C 6B 52 14 48 00 83 31 81 80 22 00 39 8C 29 28
        90 6C 00 00 90 8C 00 04 83 E0 22 00 81 3F 29 2C
        2C 09 00 00 40 82 00 80 88 7F 29 47 54 6B D7 BE
        2C 0B 00 01 41 82 00 18 2C 0B 00 02 41 82 00 28
        2C 0B 00 03 41 82 00 3C 48 00 00 5C 89 9F 29 48
        54 6B 06 BE 1D 6B 00 0A 7D 8C 5A 14 91 9F 29 28
        48 00 00 3C 89 9F 29 48 54 6B 06 BE 1D 6B 00 3C
        7D 8C 5A 14 1D 8C 00 0A 91 9F 29 28 48 00 00 20
        89 9F 29 48 1D 8C 00 3C 54 6B 06 BE 1D 6B 0E 10
        7D 8C 5A 14 1D 8C 00 0A 91 9F 29 28 39 80 00 0A
        91 9F 29 2C 3D 40 00 02 39 4A A5 10 81 60 22 D8
        2C 0B 00 C0 40 80 00 14 55 6B 20 36 7C 6A 5A 14
        48 00 82 75 48 00 00 20 39 6B FF 40 1D 6B 00 1C
        3D 40 00 01 61 4A 2B 00 7D 4A 5A 14 80 6A 00 04
        80 8A 00 08 39 9F 29 70 90 6C 00 00 90 8C 00 04
        83 E0 22 00 3D 20 00 02 39 29 B6 54 81 40 22 CC
        55 4A 20 36 7D 29 50 2E 91 3F 29 AC 3D 60 00 02
        39 6B A8 70 81 40 22 D0 55 4A 20 36 7C 6B 52 14
        48 00 82 49 39 9F 29 90 90 6C 00 00 90 8C 00 04
        83 E1 00 0C 80 01 00 14 7C 08 03 A6 38 21 00 10
        4E 80 00 20 00 00 00 00 00 00 00 00 00 00 00 00
        00 00 00 00 00 00 00 00 00 00 00 00 00 00 00 00
        00 00 00 00 00 00 00 00 00 00 00 00 00 00 00 00
        00 00 00 00 00 00 00 00 00 00 00 00 00 00 00 00
        00 00 00 00 80 01 00 00 94 21 FF E0 7C 08 02 A6
        93 C1 00 18 93 E1 00 1C 90 01 00 24 3B C3 00 00
        93 C0 22 00 81 80 21 BC 91 9E 29 1C 81 60 21 F4
        81 40 22 24 7D 6B 52 14 99 7E 29 32 3D 20 00 02
        39 29 8F 6C 81 40 21 F4 81 60 22 24 7D 4A 5A 14
        55 4A 20 36 7C 69 52 14 48 00 81 5D 39 9E 29 20
        90 6C 00 00 90 8C 00 04 81 9E 29 20 81 7E 29 24
        7F EC 5B 96 93 FE 00 08 38 7F 00 00 48 05 3E 39
        90 7E 00 0C 83 E0 21 B8 2C 1F 02 00 40 82 00 14
        3D 80 00 02 39 8C C3 D4 91 9E 07 D0 48 00 01 04
        2C 1F 04 00 40 82 01 00 39 61 00 08 39 80 56 78
        81 2C 00 00 81 4C 00 04 91 2B 00 00 91 4B 00 04
        38 7E 29 3A 38 80 23 14 38 A0 00 14 48 08 63 89
        8B E0 23 21 57 EB D7 BF 40 82 00 5C 89 80 23 22
        57 EB 44 AE 7F EC 5A 14 57 EA 04 A5 41 82 00 0C
        63 FF C0 00 67 FF FF FF 7F E3 07 34 2C 03 00 FA
        41 81 00 18 39 83 00 C0 7D 8B 0E 70 7D 6B 01 94
        55 7F 06 3E 48 00 00 08 57 FF 06 3E 38 7F 00 00
        3C 80 00 02 38 84 A0 E0 48 00 80 F5 90 60 22 D4
        48 00 00 18 3C 80 00 02 38 84 A0 E0 38 60 00 FD
        48 00 80 DD 90 60 22 D4 3B E0 23 14 88 7F 00 0B
        3C 80 00 02 38 84 A5 10 48 00 80 C5 90 60 22 D8
        89 3F 00 0C 55 23 EF 7E 3C 80 00 02 38 84 B6 50
        48 00 80 AD 90 60 22 CC 88 7F 00 0F 3C 80 00 02
        38 84 A8 70 48 00 80 99 90 60 22 D0 3D 20 00 02
        39 29 C4 00 91 3E 07 D0 89 80 23 9B 99 9E 2A 04
        4B FF FB 31 83 C1 00 18 83 E1 00 1C 80 01 00 24
        7C 08 03 A6 38 21 00 20 4E 80 00 20 00 00 00 00
        00 00 00 00 00 00 00 00 00 00 00 00 00 00 00 00
        00 00 00 00 00 00 00 00 00 00 00 00 00 00 00 00
        00 00 00 00 00 00 00 00 00 00 00 00            

D894-DE08:
                    94 21 FF F0 7C 08 02 A6 93 E1 00 0C
        90 01 00 14 48 05 C7 DD 3C 60 00 01 38 63 2D 4C
        48 05 CA 15 3C A0 00 01 60 A5 2D 60 38 60 00 00
        38 80 00 00 38 C0 00 01 3C E0 00 01 60 E7 30 C0
        39 00 00 00 48 05 CC D5 3C A0 00 01 60 A5 2D 84
        38 60 00 01 38 80 00 00 38 C0 00 01 3C E0 00 01
        60 E7 2F 90 39 00 00 00 48 05 CC B1 38 60 20 A8
        38 80 00 00 48 05 D3 45 83 E1 00 0C 80 01 00 14
        7C 08 03 A6 38 21 00 10 4E 80 00 20 00 00 00 00
        00 00 00 00 94 21 FF E8 7C 08 02 A6 93 C1 00 10
        93 E1 00 14 90 01 00 1C 3C 60 00 01 60 63 2D A8
        3B C3 00 00 48 03 B7 CD 38 7E 00 00 48 03 90 4D
        3B E3 00 00 38 7E 00 00 48 03 90 E1 38 63 FF FF
        7C 63 FA 14 38 80 00 00 98 83 00 00 38 7F 00 00
        48 00 02 35 2C 03 00 00 40 82 00 38 39 80 00 00
        91 81 00 08 3C 60 00 01 38 63 30 64 3C 80 00 06
        38 84 63 68 38 A0 00 00 38 C0 00 00 38 E0 00 00
        39 00 00 00 39 20 00 00 39 40 00 00 48 08 CB 0D
        38 7E 00 00 48 03 91 25 83 C1 00 10 83 E1 00 14
        80 01 00 1C 7C 08 03 A6 38 21 00 18 4E 80 00 20
        43 6F 75 6C 64 20 6E 6F 74 20 72 65 61 64 0A 4C
        45 4E 53 2E 54 58 54 0A 66 72 6F 6D 20 74 68 65
        20 63 61 72 64 21 00 00 4E 6F 20 76 61 6C 69 64
        20 6D 61 6E 75 61 6C 20 6C 65 6E 73 20 64 61 74
        61 20 69 73 20 66 6F 75 6E 64 21 00 20 25 75 6D
        6D 20 66 2F 25 75 2E 25 75 20 00 00 20 25 75 6D
        6D 20 66 2F 25 75 20 00 25 33 75 6D 6D 20 66 2F
        25 75 2E 25 75 00 00 00 25 33 75 6D 6D 20 66 2F
        25 75 00 00 94 21 FF E8 7C 08 02 A6 93 C1 00 10
        93 E1 00 14 90 01 00 1C 38 60 07 D0 38 80 00 00
        38 A0 00 00 48 05 EA 01 3B E3 00 00 2C 1F 00 00
        40 82 00 3C 39 80 00 00 91 81 00 08 3C 60 00 06
        38 63 65 40 3C 80 00 06 38 84 63 68 38 A0 00 00
        38 C0 00 00 38 E0 00 00 39 00 00 00 39 20 00 00
        39 40 00 00 48 08 CA 05 48 00 00 B4 38 7F 00 00
        38 80 00 00 38 A0 07 D0 48 09 81 C1 3C 60 00 01
        60 63 2D A8 38 9F 00 00 38 A0 07 CF 48 03 EF 71
        2C 03 00 00 41 82 00 3C 39 80 00 00 91 81 00 08
        3C 60 00 01 38 63 30 3C 3C 80 00 06 38 84 63 68
        38 A0 00 00 38 C0 00 00 38 E0 00 00 39 00 00 00
        39 20 00 00 39 40 00 00 48 08 C9 A1 48 00 00 48
        38 7F 00 00 48 00 00 81 2C 03 00 00 40 82 00 38
        39 80 00 00 91 81 00 08 3C 60 00 01 38 63 30 64
        3C 80 00 06 38 84 63 68 38 A0 00 00 38 C0 00 00
        38 E0 00 00 39 00 00 00 39 20 00 00 39 40 00 00
        48 08 C9 59 38 7F 00 00 48 05 E6 99 83 C1 00 10
        83 E1 00 14 80 01 00 1C 7C 08 03 A6 38 21 00 18
        4E 80 00 20 00 00 00 00 00 00 00 00 00 00 00 00
        00 00 00 00 00 00 00 00 00 00 00 00 00 00 00 00
        00 00 00 00 94 21 FF E0 7C 08 02 A6 93 81 00 10
        93 A1 00 14 93 C1 00 18 93 E1 00 1C 90 01 00 24
        3B A3 00 00 38 60 02 50 38 80 00 00 38 A0 00 00
        48 05 E8 A5 3B E3 00 00 2C 1F 00 00 40 82 00 40
        39 80 00 00 91 81 00 08 3C 60 00 06 38 63 65 40
        3C 80 00 06 38 84 63 68 38 A0 00 00 38 C0 00 00
        38 E0 00 00 39 00 00 00 39 20 00 00 39 40 00 00
        48 08 C8 A9 38 60 00 01 48 00 01 D0 38 7F 00 00
        38 80 00 00 38 A0 02 50 48 09 80 61 38 7F 00 04
        3C 80 00 01 38 84 2B 00 38 A0 00 1C 48 09 7F 09
        3B C0 00 01 2C 1E 00 15 40 80 01 48 88 7D 00 00
        2C 03 00 00 41 82 01 3C 3B 9D 00 00 88 7D 00 00
        2C 03 00 00 41 82 00 1C 2C 03 00 0D 41 82 00 14
        2C 03 00 0A 41 82 00 0C 3B BD 00 01 4B FF FF E0
        88 7D 00 00 2C 03 00 00 41 82 00 10 38 60 00 00
        98 7D 00 00 3B BD 00 01 88 7C 00 00 2C 03 00 00
        41 82 FF A4 38 7C 00 00 3C 80 00 01 38 84 30 88
        38 BF 00 04 1C DE 00 1C 7C A5 32 14 38 C1 00 08
        38 E1 00 0C 48 09 49 29 2C 03 00 03 41 82 00 34
        38 7C 00 00 39 80 00 00 91 81 00 0C 3C 80 00 01
        38 84 30 98 38 BF 00 04 1C DE 00 1C 7C A5 32 14
        38 C1 00 08 48 09 48 F9 2C 03 00 02 40 82 FF 48
        38 7F 00 04 1C DE 00 1C 7C 63 32 14 80 A3 00 00
        81 81 00 08 1C 8C 00 0A 81 81 00 0C 7C 84 62 14
        2C 05 00 00 40 81 FF 20 2C 05 03 E8 40 80 FF 18
        2C 04 00 00 40 81 FF 10 2C 04 03 84 41 81 FF 08
        2C 0C 00 00 41 80 FF 00 2C 0C 00 0A 40 80 FE F8
        90 83 00 04 39 40 00 0A 91 43 00 08 38 63 00 0C
        7C C4 53 96 7C E6 51 D6 7C E7 20 50 3C 80 00 01
        38 84 30 A4 2C 07 00 00 40 82 00 0C 3C 80 00 01
        38 84 30 B4 48 09 2F E1 3B DE 00 01 4B FF FE B8
        2C 1E 00 01 40 81 00 3C 3C 60 00 01 38 63 2A FC
        38 9F 00 00 93 C4 00 00 38 A0 02 50 48 09 7D 99
        39 80 00 00 91 80 21 50 3C 60 00 01 38 63 2A FC
        48 06 B5 6D 38 60 21 50 38 9E 00 00 48 06 BB 21
        38 7F 00 00 48 05 E4 2D 38 60 00 00 2C 1E 00 01
        40 81 00 08 38 60 00 01 83 81 00 10 83 A1 00 14
        83 C1 00 18 83 E1 00 1C 80 01 00 24 7C 08 03 A6
        38 21 00 20 4E 80 00 20

13360:
        94 21 FF E8 7C 08 02 A6 93 A1 00 0C 93 C1 00 10
        93 E1 00 14 90 01 00 1C 3B A3 00 00 3B E4 00 00
        3B C0 00 00 89 7F 00 00 2C 0B 00 FF 41 82 00 30
        80 9F 00 0C 38 7D 00 00 48 09 2A 99 2C 03 00 00
        41 82 00 1C 3B FF 00 10 3B DE 00 01 89 5F 00 00
        2C 0A 00 FF 40 82 FF DC 3B C0 00 00 38 7E 00 00
        83 A1 00 0C 83 C1 00 10 83 E1 00 14 80 01 00 1C
        7C 08 03 A6 38 21 00 18 4E 80 00 20 00 00 00 00
        00 00 00 00                                    

8E454:
        94 21 FF E8 7C 08 02 A6 93 81 00 08 93 A1 00 0C 
        93 C1 00 10 93 E1 00 14 90 01 00 1C 3B E3 00 00 
        3B A4 00 00 4B F9 7A 61 57 FF 06 3E 2C 1F 00 00 
        41 82 00 E0 38 60 00 BE 4B F9 75 21 3B C3 00 00 
        4B F9 74 A9 3B E3 FF C4 4B F9 74 79 38 A3 00 00 
        38 60 00 00 38 80 00 3C 38 DF 00 00 38 FE 00 00 
        4B F9 85 9D 38 60 00 BE 4B F9 74 F1 3B 83 00 00 
        38 60 00 00 4B F9 74 E5 3B C3 00 00 3C 60 00 09 
        38 63 40 5C 4B FD 41 29 3B E3 00 00 4B F9 74 35 
        38 A3 00 00 38 60 00 00 38 80 00 3C 38 C0 00 32 
        38 FF 00 00 39 00 00 01 39 3E 00 00 39 5C 00 00 
        4B F9 40 3D 38 60 00 14 38 80 00 88 4B FF F7 ED 
        38 60 01 5E 38 80 00 82 4B FF F9 F5 48 00 75 4D 
        3B E3 00 00 48 00 75 69 7C 03 F8 40 41 82 00 10 
        38 60 00 14 38 80 01 3B 4B FF FC 3D 38 60 00 14 
        38 80 01 86 4B F7 F2 8D 38 60 00 14 38 80 00 F0 
        4B FF FD 5D 38 60 01 90 38 80 01 40 4B FF FE 11 
        38 60 00 DC 38 BD 00 00 38 80 00 82 4B FF F8 9D 
        38 60 01 FC 38 BD 00 00 38 80 00 94 4B FF FB 49 
        38 60 01 D4 38 BD 00 00 38 80 01 04 4B FF F9 F9 
        4B F9 79 2D 83 81 00 08 83 A1 00 0C 83 C1 00 10 
        83 E1 00 14 80 01 00 1C 7C 08 03 A6 38 21 00 18 
        4E 80 00 20